0010000000000000
0010000001100101
0010000011001001
0010000100101110
0010000110010010
0010000111110110
0010001001011011
0010001010111111
0010001100100011
0010001110000111
0010001111101011
0010010001001110
0010010010110010
0010010100010101
0010010101111001
0010010111011011
0010011000111110
0010011010100001
0010011100000011
0010011101100101
0010011111000110
0010100000101000
0010100010001001
0010100011101010
0010100101001010
0010100110101010
0010101000001010
0010101001101001
0010101011001000
0010101100100110
0010101110000100
0010101111100010
0010110000111111
0010110010011100
0010110011111000
0010110101010011
0010110110101111
0010111000001001
0010111001100011
0010111010111101
0010111100010110
0010111101101110
0010111111000110
0011000000011101
0011000001110100
0011000011001001
0011000100011111
0011000101110011
0011000111000111
0011001000011010
0011001001101101
0011001010111111
0011001100010000
0011001101100000
0011001110110000
0011001111111111
0011010001001101
0011010010011010
0011010011100111
0011010100110011
0011010101111101
0011010111000111
0011011000010001
0011011001011001
0011011010100001
0011011011100111
0011011100101101
0011011101110010
0011011110110110
0011011111111001
0011100000111011
0011100001111100
0011100010111101
0011100011111100
0011100100111010
0011100101110111
0011100110110100
0011100111101111
0011101000101010
0011101001100011
0011101010011011
0011101011010011
0011101100001001
0011101100111110
0011101101110011
0011101110100110
0011101111011000
0011110000001001
0011110000111001
0011110001101000
0011110010010101
0011110011000010
0011110011101101
0011110100011000
0011110101000001
0011110101101001
0011110110010000
0011110110110110
0011110111011011
0011110111111111
0011111000100001
0011111001000010
0011111001100011
0011111010000001
0011111010011111
0011111010111100
0011111011010111
0011111011110001
0011111100001010
0011111100100010
0011111100111001
0011111101001110
0011111101100011
0011111101110110
0011111110000111
0011111110011000
0011111110100111
0011111110110101
0011111111000010
0011111111001110
0011111111011001
0011111111100010
0011111111101010
0011111111110001
0011111111110110
0011111111111010
0011111111111110
0011111111111111
0100000000000000
0011111111111111
0011111111111110
0011111111111010
0011111111110110
0011111111110001
0011111111101010
0011111111100010
0011111111011001
0011111111001110
0011111111000010
0011111110110101
0011111110100111
0011111110011000
0011111110000111
0011111101110110
0011111101100011
0011111101001110
0011111100111001
0011111100100010
0011111100001010
0011111011110001
0011111011010111
0011111010111100
0011111010011111
0011111010000001
0011111001100011
0011111001000010
0011111000100001
0011110111111111
0011110111011011
0011110110110110
0011110110010000
0011110101101001
0011110101000001
0011110100011000
0011110011101101
0011110011000010
0011110010010101
0011110001101000
0011110000111001
0011110000001001
0011101111011000
0011101110100110
0011101101110011
0011101100111110
0011101100001001
0011101011010011
0011101010011011
0011101001100011
0011101000101010
0011100111101111
0011100110110100
0011100101110111
0011100100111010
0011100011111100
0011100010111101
0011100001111100
0011100000111011
0011011111111001
0011011110110110
0011011101110010
0011011100101101
0011011011100111
0011011010100001
0011011001011001
0011011000010001
0011010111000111
0011010101111101
0011010100110011
0011010011100111
0011010010011010
0011010001001101
0011001111111111
0011001110110000
0011001101100000
0011001100010000
0011001010111111
0011001001101101
0011001000011010
0011000111000111
0011000101110011
0011000100011111
0011000011001001
0011000001110100
0011000000011101
0010111111000110
0010111101101110
0010111100010110
0010111010111101
0010111001100011
0010111000001001
0010110110101111
0010110101010011
0010110011111000
0010110010011100
0010110000111111
0010101111100010
0010101110000100
0010101100100110
0010101011001000
0010101001101001
0010101000001010
0010100110101010
0010100101001010
0010100011101010
0010100010001001
0010100000101000
0010011111000110
0010011101100101
0010011100000011
0010011010100001
0010011000111110
0010010111011011
0010010101111001
0010010100010101
0010010010110010
0010010001001110
0010001111101011
0010001110000111
0010001100100011
0010001010111111
0010001001011011
0010000111110110
0010000110010010
0010000100101110
0010000011001001
0010000001100101
0010000000000000
0001111110011011
0001111100110111
0001111011010010
0001111001101110
0001111000001010
0001110110100101
0001110101000001
0001110011011101
0001110001111001
0001110000010101
0001101110110010
0001101101001110
0001101011101011
0001101010000111
0001101000100101
0001100111000010
0001100101011111
0001100011111101
0001100010011011
0001100000111010
0001011111011000
0001011101110111
0001011100010110
0001011010110110
0001011001010110
0001010111110110
0001010110010111
0001010100111000
0001010011011010
0001010001111100
0001010000011110
0001001111000001
0001001101100100
0001001100001000
0001001010101101
0001001001010001
0001000111110111
0001000110011101
0001000101000011
0001000011101010
0001000010010010
0001000000111010
0000111111100011
0000111110001100
0000111100110111
0000111011100001
0000111010001101
0000111000111001
0000110111100110
0000110110010011
0000110101000001
0000110011110000
0000110010100000
0000110001010000
0000110000000001
0000101110110011
0000101101100110
0000101100011001
0000101011001101
0000101010000011
0000101000111001
0000100111101111
0000100110100111
0000100101011111
0000100100011001
0000100011010011
0000100010001110
0000100001001010
0000100000000111
0000011111000101
0000011110000100
0000011101000011
0000011100000100
0000011011000110
0000011010001001
0000011001001100
0000011000010001
0000010111010110
0000010110011101
0000010101100101
0000010100101101
0000010011110111
0000010011000010
0000010010001101
0000010001011010
0000010000101000
0000001111110111
0000001111000111
0000001110011000
0000001101101011
0000001100111110
0000001100010011
0000001011101000
0000001010111111
0000001010010111
0000001001110000
0000001001001010
0000001000100101
0000001000000001
0000000111011111
0000000110111110
0000000110011101
0000000101111111
0000000101100001
0000000101000100
0000000100101001
0000000100001111
0000000011110110
0000000011011110
0000000011000111
0000000010110010
0000000010011101
0000000010001010
0000000001111001
0000000001101000
0000000001011001
0000000001001011
0000000000111110
0000000000110010
0000000000100111
0000000000011110
0000000000010110
0000000000001111
0000000000001010
0000000000000110
0000000000000010
0000000000000001
0000000000000000
0000000000000001
0000000000000010
0000000000000110
0000000000001010
0000000000001111
0000000000010110
0000000000011110
0000000000100111
0000000000110010
0000000000111110
0000000001001011
0000000001011001
0000000001101000
0000000001111001
0000000010001010
0000000010011101
0000000010110010
0000000011000111
0000000011011110
0000000011110110
0000000100001111
0000000100101001
0000000101000100
0000000101100001
0000000101111111
0000000110011101
0000000110111110
0000000111011111
0000001000000001
0000001000100101
0000001001001010
0000001001110000
0000001010010111
0000001010111111
0000001011101000
0000001100010011
0000001100111110
0000001101101011
0000001110011000
0000001111000111
0000001111110111
0000010000101000
0000010001011010
0000010010001101
0000010011000010
0000010011110111
0000010100101101
0000010101100101
0000010110011101
0000010111010110
0000011000010001
0000011001001100
0000011010001001
0000011011000110
0000011100000100
0000011101000011
0000011110000100
0000011111000101
0000100000000111
0000100001001010
0000100010001110
0000100011010011
0000100100011001
0000100101011111
0000100110100111
0000100111101111
0000101000111001
0000101010000011
0000101011001101
0000101100011001
0000101101100110
0000101110110011
0000110000000001
0000110001010000
0000110010100000
0000110011110000
0000110101000001
0000110110010011
0000110111100110
0000111000111001
0000111010001101
0000111011100001
0000111100110111
0000111110001100
0000111111100011
0001000000111010
0001000010010010
0001000011101010
0001000101000011
0001000110011101
0001000111110111
0001001001010001
0001001010101101
0001001100001000
0001001101100100
0001001111000001
0001010000011110
0001010001111100
0001010011011010
0001010100111000
0001010110010111
0001010111110110
0001011001010110
0001011010110110
0001011100010110
0001011101110111
0001011111011000
0001100000111010
0001100010011011
0001100011111101
0001100101011111
0001100111000010
0001101000100101
0001101010000111
0001101011101011
0001101101001110
0001101110110010
0001110000010101
0001110001111001
0001110011011101
0001110101000001
0001110110100101
0001111000001010
0001111001101110
0001111011010010
0001111100110111
0001111110011011
0010000000000000
0010000001100101
0010000011001001
0010000100101110
0010000110010010
0010000111110110
0010001001011011
0010001010111111
0010001100100011
0010001110000111
0010001111101011
0010010001001110
0010010010110010
0010010100010101
0010010101111001
0010010111011011
0010011000111110
0010011010100001
0010011100000011
0010011101100101
0010011111000110
0010100000101000
0010100010001001
0010100011101010
0010100101001010
0010100110101010
0010101000001010
0010101001101001
0010101011001000
0010101100100110
0010101110000100
0010101111100010
0010110000111111
0010110010011100
0010110011111000
0010110101010011
0010110110101111
0010111000001001
0010111001100011
0010111010111101
0010111100010110
0010111101101110
0010111111000110
0011000000011101
0011000001110100
0011000011001001
0011000100011111
0011000101110011
0011000111000111
0011001000011010
0011001001101101
0011001010111111
0011001100010000
0011001101100000
0011001110110000
0011001111111111
0011010001001101
0011010010011010
0011010011100111
0011010100110011
0011010101111101
0011010111000111
0011011000010001
0011011001011001
0011011010100001
0011011011100111
0011011100101101
0011011101110010
0011011110110110
0011011111111001
0011100000111011
0011100001111100
0011100010111101
0011100011111100
0011100100111010
0011100101110111
0011100110110100
0011100111101111
0011101000101010
0011101001100011
0011101010011011
0011101011010011
0011101100001001
0011101100111110
0011101101110011
0011101110100110
0011101111011000
0011110000001001
0011110000111001
0011110001101000
0011110010010101
0011110011000010
0011110011101101
0011110100011000
0011110101000001
0011110101101001
0011110110010000
0011110110110110
0011110111011011
0011110111111111
0011111000100001
0011111001000010
0011111001100011
0011111010000001
0011111010011111
0011111010111100
0011111011010111
0011111011110001
0011111100001010
0011111100100010
0011111100111001
0011111101001110
0011111101100011
0011111101110110
0011111110000111
0011111110011000
0011111110100111
0011111110110101
0011111111000010
0011111111001110
0011111111011001
0011111111100010
0011111111101010
0011111111110001
0011111111110110
0011111111111010
0011111111111110
0011111111111111
0100000000000000
0011111111111111
0011111111111110
0011111111111010
0011111111110110
0011111111110001
0011111111101010
0011111111100010
0011111111011001
0011111111001110
0011111111000010
0011111110110101
0011111110100111
0011111110011000
0011111110000111
0011111101110110
0011111101100011
0011111101001110
0011111100111001
0011111100100010
0011111100001010
0011111011110001
0011111011010111
0011111010111100
0011111010011111
0011111010000001
0011111001100011
0011111001000010
0011111000100001
0011110111111111
0011110111011011
0011110110110110
0011110110010000
0011110101101001
0011110101000001
0011110100011000
0011110011101101
0011110011000010
0011110010010101
0011110001101000
0011110000111001
0011110000001001
0011101111011000
0011101110100110
0011101101110011
0011101100111110
0011101100001001
0011101011010011
0011101010011011
0011101001100011
0011101000101010
0011100111101111
0011100110110100
0011100101110111
0011100100111010
0011100011111100
0011100010111101
0011100001111100
0011100000111011
0011011111111001
0011011110110110
0011011101110010
0011011100101101
0011011011100111
0011011010100001
0011011001011001
0011011000010001
0011010111000111
0011010101111101
0011010100110011
0011010011100111
0011010010011010
0011010001001101
0011001111111111
0011001110110000
0011001101100000
0011001100010000
0011001010111111
0011001001101101
0011001000011010
0011000111000111
0011000101110011
0011000100011111
0011000011001001
0011000001110100
0011000000011101
0010111111000110
0010111101101110
0010111100010110
0010111010111101
0010111001100011
0010111000001001
0010110110101111
0010110101010011
0010110011111000
0010110010011100
0010110000111111
0010101111100010
0010101110000100
0010101100100110
0010101011001000
0010101001101001
0010101000001010
0010100110101010
0010100101001010
0010100011101010
0010100010001001
0010100000101000
0010011111000110
0010011101100101
0010011100000011
0010011010100001
0010011000111110
0010010111011011
0010010101111001
0010010100010101
0010010010110010
0010010001001110
0010001111101011
0010001110000111
0010001100100011
0010001010111111
0010001001011011
0010000111110110
0010000110010010
0010000100101110
0010000011001001
0010000001100101
0010000000000000
0001111110011011
0001111100110111
0001111011010010
0001111001101110
0001111000001010
0001110110100101
0001110101000001
0001110011011101
0001110001111001
0001110000010101
0001101110110010
0001101101001110
0001101011101011
0001101010000111
0001101000100101
0001100111000010
0001100101011111
0001100011111101
0001100010011011
0001100000111010
0001011111011000
0001011101110111
0001011100010110
0001011010110110
0001011001010110
0001010111110110
0001010110010111
0001010100111000
0001010011011010
0001010001111100
0001010000011110
0001001111000001
0001001101100100
0001001100001000
0001001010101101
0001001001010001
0001000111110111
0001000110011101
0001000101000011
0001000011101010
0001000010010010
0001000000111010
0000111111100011
0000111110001100
0000111100110111
0000111011100001
0000111010001101
0000111000111001
0000110111100110
0000110110010011
0000110101000001
0000110011110000
0000110010100000
0000110001010000
0000110000000001
0000101110110011
0000101101100110
0000101100011001
0000101011001101
0000101010000011
0000101000111001
0000100111101111
0000100110100111
0000100101011111
0000100100011001
0000100011010011
0000100010001110
0000100001001010
0000100000000111
0000011111000101
0000011110000100
0000011101000011
0000011100000100
0000011011000110
0000011010001001
0000011001001100
0000011000010001
0000010111010110
0000010110011101
0000010101100101
0000010100101101
0000010011110111
0000010011000010
0000010010001101
0000010001011010
0000010000101000
0000001111110111
0000001111000111
0000001110011000
0000001101101011
0000001100111110
0000001100010011
0000001011101000
0000001010111111
0000001010010111
0000001001110000
0000001001001010
0000001000100101
0000001000000001
0000000111011111
0000000110111110
0000000110011101
0000000101111111
0000000101100001
0000000101000100
0000000100101001
0000000100001111
0000000011110110
0000000011011110
0000000011000111
0000000010110010
0000000010011101
0000000010001010
0000000001111001
0000000001101000
0000000001011001
0000000001001011
0000000000111110
0000000000110010
0000000000100111
0000000000011110
0000000000010110
0000000000001111
0000000000001010
0000000000000110
0000000000000010
0000000000000001
0000000000000000
0000000000000001
0000000000000010
0000000000000110
0000000000001010
0000000000001111
0000000000010110
0000000000011110
0000000000100111
0000000000110010
0000000000111110
0000000001001011
0000000001011001
0000000001101000
0000000001111001
0000000010001010
0000000010011101
0000000010110010
0000000011000111
0000000011011110
0000000011110110
0000000100001111
0000000100101001
0000000101000100
0000000101100001
0000000101111111
0000000110011101
0000000110111110
0000000111011111
0000001000000001
0000001000100101
0000001001001010
0000001001110000
0000001010010111
0000001010111111
0000001011101000
0000001100010011
0000001100111110
0000001101101011
0000001110011000
0000001111000111
0000001111110111
0000010000101000
0000010001011010
0000010010001101
0000010011000010
0000010011110111
0000010100101101
0000010101100101
0000010110011101
0000010111010110
0000011000010001
0000011001001100
0000011010001001
0000011011000110
0000011100000100
0000011101000011
0000011110000100
0000011111000101
0000100000000111
0000100001001010
0000100010001110
0000100011010011
0000100100011001
0000100101011111
0000100110100111
0000100111101111
0000101000111001
0000101010000011
0000101011001101
0000101100011001
0000101101100110
0000101110110011
0000110000000001
0000110001010000
0000110010100000
0000110011110000
0000110101000001
0000110110010011
0000110111100110
0000111000111001
0000111010001101
0000111011100001
0000111100110111
0000111110001100
0000111111100011
0001000000111010
0001000010010010
0001000011101010
0001000101000011
0001000110011101
0001000111110111
0001001001010001
0001001010101101
0001001100001000
0001001101100100
0001001111000001
0001010000011110
0001010001111100
0001010011011010
0001010100111000
0001010110010111
0001010111110110
0001011001010110
0001011010110110
0001011100010110
0001011101110111
0001011111011000
0001100000111010
0001100010011011
0001100011111101
0001100101011111
0001100111000010
0001101000100101
0001101010000111
0001101011101011
0001101101001110
0001101110110010
0001110000010101
0001110001111001
0001110011011101
0001110101000001
0001110110100101
0001111000001010
0001111001101110
0001111011010010
0001111100110111
0001111110011011
0010000000000000
0010000001100101
0010000011001001
0010000100101110
0010000110010010
0010000111110110
0010001001011011
0010001010111111
0010001100100011
0010001110000111
0010001111101011
0010010001001110
0010010010110010
0010010100010101
0010010101111001
0010010111011011
0010011000111110
0010011010100001
0010011100000011
0010011101100101
0010011111000110
0010100000101000
0010100010001001
0010100011101010
0010100101001010
0010100110101010
0010101000001010
0010101001101001
0010101011001000
0010101100100110
0010101110000100
0010101111100010
0010110000111111
0010110010011100
0010110011111000
0010110101010011
0010110110101111
0010111000001001
0010111001100011
0010111010111101
0010111100010110
0010111101101110
0010111111000110
0011000000011101
0011000001110100
0011000011001001
0011000100011111
0011000101110011
0011000111000111
0011001000011010
0011001001101101
0011001010111111
0011001100010000
0011001101100000
0011001110110000
0011001111111111
0011010001001101
0011010010011010
0011010011100111
0011010100110011
0011010101111101
0011010111000111
0011011000010001
0011011001011001
0011011010100001
0011011011100111
0011011100101101
0011011101110010
0011011110110110
0011011111111001
0011100000111011
0011100001111100
0011100010111101
0011100011111100
0011100100111010
0011100101110111
0011100110110100
0011100111101111
0011101000101010
0011101001100011
0011101010011011
0011101011010011
0011101100001001
0011101100111110
0011101101110011
0011101110100110
0011101111011000
0011110000001001
0011110000111001
0011110001101000
0011110010010101
0011110011000010
0011110011101101
0011110100011000
0011110101000001
0011110101101001
0011110110010000
0011110110110110
0011110111011011
0011110111111111
0011111000100001
0011111001000010
0011111001100011
0011111010000001
0011111010011111
0011111010111100
0011111011010111
0011111011110001
0011111100001010
0011111100100010
0011111100111001
0011111101001110
0011111101100011
0011111101110110
0011111110000111
0011111110011000
0011111110100111
0011111110110101
0011111111000010
0011111111001110
0011111111011001
0011111111100010
0011111111101010
0011111111110001
0011111111110110
0011111111111010
0011111111111110
0011111111111111
0100000000000000
0011111111111111
0011111111111110
0011111111111010
0011111111110110
0011111111110001
0011111111101010
0011111111100010
0011111111011001
0011111111001110
0011111111000010
0011111110110101
0011111110100111
0011111110011000
0011111110000111
0011111101110110
0011111101100011
0011111101001110
0011111100111001
0011111100100010
0011111100001010
0011111011110001
0011111011010111
0011111010111100
0011111010011111
0011111010000001
0011111001100011
0011111001000010
0011111000100001
0011110111111111
0011110111011011
0011110110110110
0011110110010000
0011110101101001
0011110101000001
0011110100011000
0011110011101101
0011110011000010
0011110010010101
0011110001101000
0011110000111001
0011110000001001
0011101111011000
0011101110100110
0011101101110011
0011101100111110
0011101100001001
0011101011010011
0011101010011011
0011101001100011
0011101000101010
0011100111101111
0011100110110100
0011100101110111
0011100100111010
0011100011111100
0011100010111101
0011100001111100
0011100000111011
0011011111111001
0011011110110110
0011011101110010
0011011100101101
0011011011100111
0011011010100001
0011011001011001
0011011000010001
0011010111000111
0011010101111101
0011010100110011
0011010011100111
0011010010011010
0011010001001101
0011001111111111
0011001110110000
0011001101100000
0011001100010000
0011001010111111
0011001001101101
0011001000011010
0011000111000111
0011000101110011
0011000100011111
0011000011001001
0011000001110100
0011000000011101
0010111111000110
0010111101101110
0010111100010110
0010111010111101
0010111001100011
0010111000001001
0010110110101111
0010110101010011
0010110011111000
0010110010011100
0010110000111111
0010101111100010
0010101110000100
0010101100100110
0010101011001000
0010101001101001
0010101000001010
0010100110101010
0010100101001010
0010100011101010
0010100010001001
0010100000101000
0010011111000110
0010011101100101
0010011100000011
0010011010100001
0010011000111110
0010010111011011
0010010101111001
0010010100010101
0010010010110010
0010010001001110
0010001111101011
0010001110000111
0010001100100011
0010001010111111
0010001001011011
0010000111110110
0010000110010010
0010000100101110
0010000011001001
0010000001100101
0010000000000000
0001111110011011
0001111100110111
0001111011010010
0001111001101110
0001111000001010
0001110110100101
0001110101000001
0001110011011101
0001110001111001
0001110000010101
0001101110110010
0001101101001110
0001101011101011
0001101010000111
0001101000100101
0001100111000010
0001100101011111
0001100011111101
0001100010011011
0001100000111010
0001011111011000
0001011101110111
0001011100010110
0001011010110110
0001011001010110
0001010111110110
0001010110010111
0001010100111000
0001010011011010
0001010001111100
0001010000011110
0001001111000001
0001001101100100
0001001100001000
0001001010101101
0001001001010001
0001000111110111
0001000110011101
0001000101000011
0001000011101010
0001000010010010
0001000000111010
0000111111100011
0000111110001100
0000111100110111
0000111011100001
0000111010001101
0000111000111001
0000110111100110
0000110110010011
0000110101000001
0000110011110000
0000110010100000
0000110001010000
0000110000000001
0000101110110011
0000101101100110
0000101100011001
0000101011001101
0000101010000011
0000101000111001
0000100111101111
0000100110100111
0000100101011111
0000100100011001
0000100011010011
0000100010001110
0000100001001010
0000100000000111
0000011111000101
0000011110000100
0000011101000011
0000011100000100
0000011011000110
0000011010001001
0000011001001100
0000011000010001
0000010111010110
0000010110011101
0000010101100101
0000010100101101
0000010011110111
0000010011000010
0000010010001101
0000010001011010
0000010000101000
0000001111110111
0000001111000111
0000001110011000
0000001101101011
0000001100111110
0000001100010011
0000001011101000
0000001010111111
0000001010010111
0000001001110000
0000001001001010
0000001000100101
0000001000000001
0000000111011111
0000000110111110
0000000110011101
0000000101111111
0000000101100001
0000000101000100
0000000100101001
0000000100001111
0000000011110110
0000000011011110
0000000011000111
0000000010110010
0000000010011101
0000000010001010
0000000001111001
0000000001101000
0000000001011001
0000000001001011
0000000000111110
0000000000110010
0000000000100111
0000000000011110
0000000000010110
0000000000001111
0000000000001010
0000000000000110
0000000000000010
0000000000000001
0000000000000000
0000000000000001
0000000000000010
0000000000000110
0000000000001010
0000000000001111
0000000000010110
0000000000011110
0000000000100111
0000000000110010
0000000000111110
0000000001001011
0000000001011001
0000000001101000
0000000001111001
0000000010001010
0000000010011101
0000000010110010
0000000011000111
0000000011011110
0000000011110110
0000000100001111
0000000100101001
0000000101000100
0000000101100001
0000000101111111
0000000110011101
0000000110111110
0000000111011111
0000001000000001
0000001000100101
0000001001001010
0000001001110000
0000001010010111
0000001010111111
0000001011101000
0000001100010011
0000001100111110
0000001101101011
0000001110011000
0000001111000111
0000001111110111
0000010000101000
0000010001011010
0000010010001101
0000010011000010
0000010011110111
0000010100101101
0000010101100101
0000010110011101
0000010111010110
0000011000010001
0000011001001100
0000011010001001
0000011011000110
0000011100000100
0000011101000011
0000011110000100
0000011111000101
0000100000000111
0000100001001010
0000100010001110
0000100011010011
0000100100011001
0000100101011111
0000100110100111
0000100111101111
0000101000111001
0000101010000011
0000101011001101
0000101100011001
0000101101100110
0000101110110011
0000110000000001
0000110001010000
0000110010100000
0000110011110000
0000110101000001
0000110110010011
0000110111100110
0000111000111001
0000111010001101
0000111011100001
0000111100110111
0000111110001100
0000111111100011
0001000000111010
0001000010010010
0001000011101010
0001000101000011
0001000110011101
0001000111110111
0001001001010001
0001001010101101
0001001100001000
0001001101100100
0001001111000001
0001010000011110
0001010001111100
0001010011011010
0001010100111000
0001010110010111
0001010111110110
0001011001010110
0001011010110110
0001011100010110
0001011101110111
0001011111011000
0001100000111010
0001100010011011
0001100011111101
0001100101011111
0001100111000010
0001101000100101
0001101010000111
0001101011101011
0001101101001110
0001101110110010
0001110000010101
0001110001111001
0001110011011101
0001110101000001
0001110110100101
0001111000001010
0001111001101110
0001111011010010
0001111100110111
0001111110011011
0010000000000000
0010000001100101
0010000011001001
0010000100101110
0010000110010010
0010000111110110
0010001001011011
0010001010111111
0010001100100011
0010001110000111
0010001111101011
0010010001001110
0010010010110010
0010010100010101
0010010101111001
0010010111011011
0010011000111110
0010011010100001
0010011100000011
0010011101100101
0010011111000110
0010100000101000
0010100010001001
0010100011101010
0010100101001010
0010100110101010
0010101000001010
0010101001101001
0010101011001000
0010101100100110
0010101110000100
0010101111100010
0010110000111111
0010110010011100
0010110011111000
0010110101010011
0010110110101111
0010111000001001
0010111001100011
0010111010111101
0010111100010110
0010111101101110
0010111111000110
0011000000011101
0011000001110100
0011000011001001
0011000100011111
0011000101110011
0011000111000111
0011001000011010
0011001001101101
0011001010111111
0011001100010000
0011001101100000
0011001110110000
0011001111111111
0011010001001101
0011010010011010
0011010011100111
0011010100110011
0011010101111101
0011010111000111
0011011000010001
0011011001011001
0011011010100001
0011011011100111
0011011100101101
0011011101110010
0011011110110110
0011011111111001
0011100000111011
0011100001111100
0011100010111101
0011100011111100
0011100100111010
0011100101110111
0011100110110100
0011100111101111
0011101000101010
0011101001100011
0011101010011011
0011101011010011
0011101100001001
0011101100111110
0011101101110011
0011101110100110
0011101111011000
0011110000001001
0011110000111001
0011110001101000
0011110010010101
0011110011000010
0011110011101101
0011110100011000
0011110101000001
0011110101101001
0011110110010000
0011110110110110
0011110111011011
0011110111111111
0011111000100001
0011111001000010
0011111001100011
0011111010000001
0011111010011111
0011111010111100
0011111011010111
0011111011110001
0011111100001010
0011111100100010
0011111100111001
0011111101001110
0011111101100011
0011111101110110
0011111110000111
0011111110011000
0011111110100111
0011111110110101
0011111111000010
0011111111001110
0011111111011001
0011111111100010
0011111111101010
0011111111110001
0011111111110110
0011111111111010
0011111111111110
0011111111111111
0100000000000000
0011111111111111
0011111111111110
0011111111111010
0011111111110110
0011111111110001
0011111111101010
0011111111100010
0011111111011001
0011111111001110
0011111111000010
0011111110110101
0011111110100111
0011111110011000
0011111110000111
0011111101110110
0011111101100011
0011111101001110
0011111100111001
0011111100100010
0011111100001010
0011111011110001
0011111011010111
0011111010111100
0011111010011111
0011111010000001
0011111001100011
0011111001000010
0011111000100001
0011110111111111
0011110111011011
0011110110110110
0011110110010000
0011110101101001
0011110101000001
0011110100011000
0011110011101101
0011110011000010
0011110010010101
0011110001101000
0011110000111001
0011110000001001
0011101111011000
0011101110100110
0011101101110011
0011101100111110
0011101100001001
0011101011010011
0011101010011011
0011101001100011
0011101000101010
0011100111101111
0011100110110100
0011100101110111
0011100100111010
0011100011111100
0011100010111101
0011100001111100
0011100000111011
0011011111111001
0011011110110110
0011011101110010
0011011100101101
0011011011100111
0011011010100001
0011011001011001
0011011000010001
0011010111000111
0011010101111101
0011010100110011
0011010011100111
0011010010011010
0011010001001101
0011001111111111
0011001110110000
0011001101100000
0011001100010000
0011001010111111
0011001001101101
0011001000011010
0011000111000111
0011000101110011
0011000100011111
0011000011001001
0011000001110100
0011000000011101
0010111111000110
0010111101101110
0010111100010110
0010111010111101
0010111001100011
0010111000001001
0010110110101111
0010110101010011
0010110011111000
0010110010011100
0010110000111111
0010101111100010
0010101110000100
0010101100100110
0010101011001000
0010101001101001
0010101000001010
0010100110101010
0010100101001010
0010100011101010
0010100010001001
0010100000101000
0010011111000110
0010011101100101
0010011100000011
0010011010100001
0010011000111110
0010010111011011
0010010101111001
0010010100010101
0010010010110010
0010010001001110
0010001111101011
0010001110000111
0010001100100011
0010001010111111
0010001001011011
0010000111110110
0010000110010010
0010000100101110
0010000011001001
0010000001100101
0010000000000000
0001111110011011
0001111100110111
0001111011010010
0001111001101110
0001111000001010
0001110110100101
0001110101000001
0001110011011101
0001110001111001
0001110000010101
0001101110110010
0001101101001110
0001101011101011
0001101010000111
0001101000100101
0001100111000010
0001100101011111
0001100011111101
0001100010011011
0001100000111010
0001011111011000
0001011101110111
0001011100010110
0001011010110110
0001011001010110
0001010111110110
0001010110010111
0001010100111000
0001010011011010
0001010001111100
0001010000011110
0001001111000001
0001001101100100
0001001100001000
0001001010101101
0001001001010001
0001000111110111
0001000110011101
0001000101000011
0001000011101010
0001000010010010
0001000000111010
0000111111100011
0000111110001100
0000111100110111
0000111011100001
0000111010001101
0000111000111001
0000110111100110
0000110110010011
0000110101000001
0000110011110000
0000110010100000
0000110001010000
0000110000000001
0000101110110011
0000101101100110
0000101100011001
0000101011001101
0000101010000011
0000101000111001
0000100111101111
0000100110100111
0000100101011111
0000100100011001
0000100011010011
0000100010001110
0000100001001010
0000100000000111
0000011111000101
0000011110000100
0000011101000011
0000011100000100
0000011011000110
0000011010001001
0000011001001100
0000011000010001
0000010111010110
0000010110011101
0000010101100101
0000010100101101
0000010011110111
0000010011000010
0000010010001101
0000010001011010
0000010000101000
0000001111110111
0000001111000111
0000001110011000
0000001101101011
0000001100111110
0000001100010011
0000001011101000
0000001010111111
0000001010010111
0000001001110000
0000001001001010
0000001000100101
0000001000000001
0000000111011111
0000000110111110
0000000110011101
0000000101111111
0000000101100001
0000000101000100
0000000100101001
0000000100001111
0000000011110110
0000000011011110
0000000011000111
0000000010110010
0000000010011101
0000000010001010
0000000001111001
0000000001101000
0000000001011001
0000000001001011
0000000000111110
0000000000110010
0000000000100111
0000000000011110
0000000000010110
0000000000001111
0000000000001010
0000000000000110
0000000000000010
0000000000000001
0000000000000000
0000000000000001
0000000000000010
0000000000000110
0000000000001010
0000000000001111
0000000000010110
0000000000011110
0000000000100111
0000000000110010
0000000000111110
0000000001001011
0000000001011001
0000000001101000
0000000001111001
0000000010001010
0000000010011101
0000000010110010
0000000011000111
0000000011011110
0000000011110110
0000000100001111
0000000100101001
0000000101000100
0000000101100001
0000000101111111
0000000110011101
0000000110111110
0000000111011111
0000001000000001
0000001000100101
0000001001001010
0000001001110000
0000001010010111
0000001010111111
0000001011101000
0000001100010011
0000001100111110
0000001101101011
0000001110011000
0000001111000111
0000001111110111
0000010000101000
0000010001011010
0000010010001101
0000010011000010
0000010011110111
0000010100101101
0000010101100101
0000010110011101
0000010111010110
0000011000010001
0000011001001100
0000011010001001
0000011011000110
0000011100000100
0000011101000011
0000011110000100
0000011111000101
0000100000000111
0000100001001010
0000100010001110
0000100011010011
0000100100011001
0000100101011111
0000100110100111
0000100111101111
0000101000111001
0000101010000011
0000101011001101
0000101100011001
0000101101100110
0000101110110011
0000110000000001
0000110001010000
0000110010100000
0000110011110000
0000110101000001
0000110110010011
0000110111100110
0000111000111001
0000111010001101
0000111011100001
0000111100110111
0000111110001100
0000111111100011
0001000000111010
0001000010010010
0001000011101010
0001000101000011
0001000110011101
0001000111110111
0001001001010001
0001001010101101
0001001100001000
0001001101100100
0001001111000001
0001010000011110
0001010001111100
0001010011011010
0001010100111000
0001010110010111
0001010111110110
0001011001010110
0001011010110110
0001011100010110
0001011101110111
0001011111011000
0001100000111010
0001100010011011
0001100011111101
0001100101011111
0001100111000010
0001101000100101
0001101010000111
0001101011101011
0001101101001110
0001101110110010
0001110000010101
0001110001111001
0001110011011101
0001110101000001
0001110110100101
0001111000001010
0001111001101110
0001111011010010
0001111100110111
0001111110011011
