1111101000111000
0000010110000100
0000011000001100
0000001001000000
1111101100100110
1111110000110000
0000000000110001
1111100100101110
0000000110010110
1111110000111000
1111110001010110
1111101000101000
1111111000100001
0000001111010000
0000000010001001
1111101001001001
1111100111011111
1111110011000100
1111101110101011
0000001111010011
0000000001101010
0000010001000111
0000010110110000
1111101001000110
1111110011111000
1111101110001001
1111100011100000
0000011000110000
1111101100010011
1111101101001011
0000000000010001
1111111010000010
1111101110111110
1111111110101011
0000010000111000
1111111011001111
1111100000100000
1111100001100010
1111110101000000
0000011100110110
0000001000001000
1111111011000000
0000010000110010
0000000101001110
0000010101100110
0000011110111111
1111110101010110
1111100101110010
0000001001100001
0000010110001110
0000010100001111
1111110100001010
1111111010111000
0000000100100100
0000000101101011
1111100010110000
0000000011110011
0000000010011111
1111101010101010
1111101000111100
1111110011110111
0000000110001111
0000000010111111
0000011000001101
1111111000010110
1111101011010110
1111111011011010
0000000110111001
1111110111111110
0000000011001011
1111101100101000
1111100111111000
0000011000110101
1111100111100100
1111101110100010
0000011000010001
1111101010001100
0000011111000000
0000000110101010
0000001010110110
0000000101110100
0000001001111110
0000010101111001
1111101001000000
0000000001001110
1111111100010011
0000000000000011
0000000111010111
1111111000110111
0000011001110101
1111100010110001
1111111001101000
1111101011010111
0000011111011011
1111100010010110
0000011110111100
0000001100100111
0000010000100010
0000010010011001
0000001001010011
1111110100110101
0000000000110000
1111110100001101
1111101101000010
1111100100000000
1111101001000101
0000001010111010
1111100011100101
1111101000011001
0000000001001110
1111100101100110
0000011001001001
1111101110011010
1111111111010010
1111111000011110
1111110000010000
1111111000110000
0000010100111111
0000011111010011
1111101111000001
0000000101100011
1111110000101101
1111111110011110
0000000100011011
0000001010101001
0000001001011010
0000010111110100
1111100110000010
1111110111110100
0000000110011101
0000010111000010
0000011101110010
0000001011101000
1111110010010001
0000000100111101
1111111000000111
0000010001101001
1111101001111011
1111100001101010
1111101011010110
1111111001011001
1111101100011000
1111110001011101
1111111000000010
0000001000100101
1111100000000010
0000000010000110
1111100010101001
0000011000011101
0000010101110101
0000011001010110
0000011111001111
0000001101000000
0000011001110011
0000000011100010
0000010110101011
1111110000100010
1111101111101110
0000001010011011
0000000101010110
1111110110100100
0000001110100110
0000011101111101
0000001011010111
1111100111101101
1111111011000110
0000010000011100
1111111000101111
1111111101110110
0000000101100101
0000011111101001
1111100111100110
0000010111000101
1111111001100010
0000011011110101
0000010110100111
1111110001011100
1111110011001111
1111111000111011
0000011010011011
0000010100100011
1111110100001100
1111100111001000
1111101100101010
1111100101100101
1111110000001111
0000011101101011
1111101101010011
1111101001101010
1111101110100110
1111111111100011
0000010100000001
0000010001100100
1111101010100001
1111110110100100
1111110110001111
1111111001110011
1111111010000000
0000011011111100
1111110010110000
0000011100010000
1111101100110000
1111111010111001
0000010011000010
0000000000110101
0000010011001101
1111100111000100
0000000100000001
1111100101011001
0000001001010000
1111110010100010
1111100000100110
0000010111110101
0000001001000110
1111101110000110
1111111100110010
1111111100001000
1111110111101011
0000011111111110
0000001010110100
1111101001101011
0000001100111011
0000011000011100
0000010100000100
1111110001010100
1111111001001110
1111110000110111
0000011011101000
1111101101100111
0000010111110011
1111111101110110
1111110001011111
0000011111100101
1111101110000101
1111100100001001
1111101011110001
0000010000111101
1111111000001000
1111111010100000
1111111101011111
1111110110101010
1111111000101111
0000010010101000
1111101101111100
1111111011111000
0000001110100100
0000011010010110
0000010001011011
1111111000011000
0000011110111000
0000010010000100
0000010010100101
0000000111111100
0000000001000101
1111110100010110
0000011000000100
0000011011110101
0000000100011010
1111100100010111
0000011000111010
0000000011011010
1111110011000001
1111101100011000
0000000110101100
1111100100000110
1111100101111001
0000000111010101
0000011001011100
0000000111011011
0000000110100011
0000001011000011
1111111011001110
0000000011110100
1111100010110011
1111101101010000
1111101010111011
0000000011101101
0000011011011011
0000011001001111
0000010110011110
0000010001000011
1111110101111010
1111101010001001
0000010001010110
1111100001000001
1111111110101011
0000001101100101
1111110011100000
1111101011110000
1111101101001000
1111111101111100
0000010101010111
1111100010000101
0000011101100011
1111101001010100
1111111010010001
0000001100001100
0000011011000101
1111100101101101
0000011110001101
0000001100010100
0000001011101000
1111100000100001
1111111111101001
1111100011110101
0000010001000101
0000001000001100
1111111101000001
0000011001111001
0000010110000100
0000011101001111
1111111011010011
0000011001001000
0000000101000101
0000011100000010
0000010000101011
0000001010010011
1111110010001011
1111100000110001
0000011000111011
0000001011011001
0000010111000110
0000000111010010
0000000001010110
1111110100111111
1111100001111110
0000000110000111
1111111100110110
0000000101011100
1111110001101001
1111101100010010
1111100111011100
0000000011011111
0000010110000010
1111100001110110
0000000011000010
0000011010100011
1111100011010101
1111101110010011
1111110101100111
1111101110110111
0000010011011011
1111110110100000
0000001110100110
1111110000100010
0000001110000001
0000011000010100
1111100000111001
1111101001111100
1111110011111001
1111110110100001
1111110110100111
1111110010101111
1111110011110110
0000000001111001
1111101011101111
0000010101110001
1111110000001101
0000010111000000
0000001000010011
1111110010001011
1111111101101011
1111111011011110
0000000011110001
0000010001000100
0000000010000010
0000000001101100
0000001100100111
1111111010000100
1111111000011011
1111110100010010
1111100001110011
1111111111101010
0000010110001000
1111110111100000
1111110011010110
1111100010111100
1111110101010100
0000000101011110
1111110110000101
0000000110111010
0000000111010001
1111100011101000
1111101110010111
1111101000010100
1111100001111111
1111101101010110
0000010011111001
0000001010000101
1111101110010111
0000010101100100
1111111110111001
1111100100100000
0000000011000000
0000001100110101
1111101001110111
1111111110000010
1111111101000010
0000011101000001
0000001110100110
0000000000111001
0000000101101100
0000000101110111
1111100100001010
0000000101101010
1111111011100111
0000000000111010
1111100110010011
1111100000011010
1111111100100010
0000011110011110
1111110110101000
1111110111101001
0000000001011111
1111111111000111
1111100000100001
1111100110010010
0000010111010111
1111100000011100
0000000010010100
0000011011100111
1111101110111000
1111111110101011
0000001111000111
1111101001110110
1111111010110011
0000010001000010
0000010010010101
1111101111011000
0000001101001110
1111101100010111
0000010101001101
1111101110010111
1111110000011000
1111101110000101
0000000010100001
1111111011111111
1111101011110000
0000001011011111
0000001101001111
0000010110011111
0000010001100010
1111110111010111
1111111111110111
0000010110000010
0000010000000000
1111110010010111
1111101010100101
0000011000001101
1111100111111011
0000010100110011
1111111001111011
1111100110111111
1111101100010101
0000010100000001
1111101000110110
1111111110010000
1111111100101010
1111111011100110
1111101101000000
1111100010011110
0000010001000101
1111100110110101
0000001001111101
1111101110100110
1111101100011100
0000011100100001
0000010110100100
0000001011100111
0000000000111100
1111101100101001
0000000010000010
1111100000001000
1111110101010110
0000000111011100
1111110101100011
1111100010101111
1111100001101111
0000000010010011
0000010101001101
0000010010101101
1111101000110101
0000000100101101
0000011100011101
1111110001011100
0000011010001111
0000010010100010
0000011011111111
1111100111100000
1111111001111000
1111100111100110
1111101011101101
0000010110100101
1111101110100110
0000001101110010
0000001111110111
1111101000011110
1111100111000101
0000000101110000
1111100110000001
0000011000101110
1111111000000101
0000000110111100
1111100010101011
0000010100101001
1111110111011111
0000010100111001
0000010001100100
1111100010001001
0000010100000111
0000001100101001
1111100110101100
0000011110000001
1111101111000111
0000010100001110
1111110000001110
1111111111001010
1111111000011110
1111111010000010
1111110000110000
0000011100111011
0000010111001100
1111111000110100
0000011111110000
1111110010011011
0000011000111100
1111101100100000
0000000000111100
0000001000011000
0000011101000010
1111110101001001
1111100001100000
0000000101011000
0000011011001100
0000001101111100
0000000101111100
0000001101101111
1111100100101011
0000011010011110
0000010010111000
1111110011010100
0000000100101001
0000010010101110
0000011100001010
1111100001011111
0000000000110010
1111100111101001
1111110000110000
0000011110010001
1111101110010001
0000000001010000
1111101010011101
0000000110100100
1111111101010011
1111110110111110
1111100000000100
0000010001011111
0000010101010101
0000010010100011
1111100110101001
1111110101001010
0000001111100100
1111110000110011
1111101001010100
0000010101001110
1111110000011010
1111110110011010
1111101110111101
0000011110011000
1111110100010011
0000001001001001
0000001111100101
1111111011011100
0000000101010001
1111110100111100
1111101110111011
0000001001110110
0000000001000001
1111100010010001
1111100100001011
1111101101001010
1111111011010010
0000010011111010
0000000011001111
0000011100010111
1111110101010010
0000010001111001
0000011101111100
1111101011001101
0000001111110010
1111111001001010
0000011000000000
0000000110000101
0000000101001101
0000001010100001
0000000111011110
1111100001001001
1111111100010101
0000010100110010
0000000011010110
0000010111110001
0000001101100011
0000011110100100
0000011110110110
1111100100100001
1111111110001001
0000011011100111
0000001100101000
1111111110101100
1111101111011000
1111110101110111
1111101001001101
0000001010111110
1111100101111100
1111110101001110
0000011000100111
0000000100100111
0000000100100000
1111110110111101
1111100001001110
1111101111011001
0000011110001010
1111100011110011
0000001001011000
0000010000011110
1111101100110111
0000010010110010
1111110111001100
1111111101010101
1111101001010000
1111110110110010
0000001111100010
1111111110110001
0000001101110101
0000010100101110
1111110100000011
0000010011101011
1111111001001111
1111100000111100
1111100110100111
1111111100000010
1111110110100111
1111100100011010
0000010010101001
0000000010011111
1111110010011100
0000010110000010
0000000111010010
0000010010100101
0000000110101000
1111101110000011
0000010011010100
0000001111100000
0000010001100110
1111111110010110
1111100110110000
0000010011001001
1111100111111001
1111101111000101
0000000010010011
0000010111100101
1111100011111001
1111101000001101
1111100011100000
0000010111010110
0000011010111010
0000001110101001
1111110001110000
0000000110111100
1111111001111010
0000000111010010
0000001001110011
1111110000010101
0000010011111010
0000001011010101
0000000010100101
1111111100000111
1111101111011000
1111101100101001
0000010101110111
0000000001110011
1111110000100100
0000000000110100
0000011110010001
0000001000101100
0000001000101111
0000000011010111
0000010010011001
0000000001001001
0000010101011011
0000000000011111
1111101000000010
1111101101011001
0000011101111010
1111101001111000
0000011001100101
0000010010101110
0000000100111000
0000000101101001
1111100110101011
0000010011011010
0000011111000110
1111100100000000
1111100011010111
1111110011010101
1111110110101000
1111101101000000
0000000111000011
1111110010111101
1111111111000101
0000001011010010
0000011101001101
1111110111001101
1111100010010001
0000001111101101
1111101001111010
1111110001011000
0000000001101011
1111100001110000
0000000111100000
1111111001010100
1111100111011010
0000011001000111
0000000010100011
1111111010111110
0000000000111111
0000000001011111
0000011000110000
1111110101001111
1111111010011011
0000001111010010
1111100010101001
0000001010001111
1111101000000010
0000001011010001
0000011101000110
0000010111011100
0000010110111101
0000001110110010
0000001110100001
1111100010010100
0000011000110101
1111100110010110
0000011001010101
0000001110001001
1111101101001111
0000001111101111
0000000101010000
1111110001010101
0000010001010011
1111101111011010
1111110000001010
0000001110101011
1111101011001000
1111111100001011
1111101010101011
1111101010110010
1111101101110101
1111101101111101
1111100111110100
0000010110110010
1111111001000101
1111111010010000
1111111011101000
0000010011101110
1111110001010011
0000001010000100
0000001001011110
1111101001100100
0000000011010001
1111101111111110
1111111011111011
1111111100101110
0000011100000011
1111110010100001
1111101100101011
1111111110010000
0000000010111001
0000000111100101
0000001110001100
0000001001000001
0000011101000000
0000011011001011
0000000111110101
0000000000111110
1111101010100010
1111100110001110
0000001100001101
0000000100101111
0000001111010100
1111100101110010
0000001000100101
0000001111100010
0000011000000111
0000000110111101
0000000100000100
1111100100100001
1111100101011100
0000011011100111
1111100111010100
0000000010001000
0000010100100111
0000000111100011
1111110001100010
0000010100011101
1111111011100000
1111110101110001
0000001011010011
1111110100101100
1111111001001010
1111110011100100
0000011011001001
0000010100100111
0000000000100101
1111100000101101
1111101111100110
1111101110100011
1111110011010100
1111111101001000
1111100000000110
0000010011010010
1111100100100011
0000011101001000
1111110001001001
0000010011001010
1111100000111111
0000010111011111
0000010111100111
0000011010111100
1111100010001010
0000010110001101
1111101101110010
0000000010101110
1111110110111101
1111111100011100
0000010111111100
0000001111000011
0000011111110010
1111111001011101
1111110100000110
1111100011010000
0000011010100001
1111110001011010
0000011001000111
0000011101111101
0000001110101100
0000000101011001
0000011001000010
0000001101011000
0000011111100111
0000011001110101
0000011011101000
0000000110000110
0000011000011001
0000010010111001
0000010111111111
1111111100011111
0000010100010110
0000010110101101
0000000101101111
0000001000100011
0000010100111011
0000000011100000
0000011010100001
0000010011111000
1111110001111110
1111110111110001
0000011100110100
0000001110110011
0000001000100011
0000011111011100
1111110000111100
1111111101011010
0000011010011110
0000011000100100
1111100110000111
1111111101101101
0000010000101111
0000000000100010
1111110000101111
1111110110101000
1111100011010100
0000000001110011
1111111000101111
1111111101010101
0000001110001010
1111101111010111
1111100110000001
1111100001100111
0000011101110110
1111110110000101
0000001010100110
0000011101110100
1111111101101000
1111110001111010
0000000010100011
0000001101111100
1111101010001111
1111110011111010
0000011010011110
0000001111010010
1111110110101011
1111111000010101
0000011101010101
1111111100000111
1111101110101101
0000001000100110
1111110101100111
1111111100011111
0000000000000101
1111110000000101
1111101001010000
1111110001010011
0000001011100001
1111110010100110
0000001010000001
1111111001000100
0000000110011110
1111111000000100
1111110100011000
1111101010101110
0000010111000101
1111100111000111
0000001001001010
0000010101111000
1111111100101101
1111100010100111
0000010010100010
0000011011110010
1111100110001011
1111100110011011
1111100100110011
0000011011110111
1111111111001110
0000011101001000
1111111110001111
1111110001100011
1111101011011111
0000001001110111
0000001111000010
0000010100000011
0000000111000011
1111110000101000
0000010001011000
0000000110001110
0000011110011010
0000010110000101
1111100011100100
1111110100000010
1111101000110000
1111101011100101
1111111011110100
0000010001010101
1111110110010110
0000000101011011
0000001110010110
1111111001100011
0000000111100100
1111111100000111
0000011011011001
0000011100011011
1111110110110110
1111110010111101
0000000100010101
1111110101010001
0000000001110010
1111101110010001
1111110011101010
1111111000010010
0000000000101110
0000011000011101
1111110011011010
1111101100001000
1111101010111110
0000000101011100
0000010100001110
1111111100110000
0000011110100111
1111110110010000
0000011011111011
1111100100011010
0000010101001000
0000000100100010
1111101000010100
1111111000000011
0000001101010100
0000010101010111
0000011011101111
1111100000000001
0000000011110001
0000011000101111
1111100111001100
1111101111011010
0000001101010100
1111110111100111
1111101011100111
1111110100110011
1111100100001001
0000000101010011
1111101001100101
1111111001101011
1111110111010100
0000010110010110
0000011000000001
1111110100011110
0000001000000001
0000010001010101
0000010011011110
0000011011010111
0000011110000111
1111111000011110
0000000010000110
0000000100110111
0000010011011101
0000000111100101
1111110101111100
1111111001001000
1111100011010001
1111101100000011
1111101001010110
0000011101111001
1111100000111101
1111101010000010
0000011001001110
0000011011011000
1111110100011001
1111101101111010
1111110011110100
0000011010010001
1111101100001000
1111110110111010
1111100000001001
1111111010111101
0000000100110101
0000011101010111
0000011000110001
1111111001100001
1111100110011101
0000001111110111
0000000010110000
0000010101010110
0000010000101010
0000001110100011
1111111000110101
0000001111010000
0000011011011100
0000001101010010
0000011010110010
0000000101100000
1111101010010101
1111111011000010
1111101001001110
1111101010011111
0000000011000010
0000001000010100
1111110011111101
1111100101011101
1111101011110011
0000001000111111
1111110001100011
1111101110011100
0000001111101110
1111110111101110
0000011110110010
1111111000010001
1111101100100110
1111111000000100
0000001001101010
1111101000101111
0000001010001000
0000001001000100
0000010000011001
1111100001101011
1111100111001100
0000011001010110
0000011011010101
0000010111110111
1111110101001111
1111110010100001
1111100000010100
0000001111100010
1111100010100100
0000001001101101
1111110001001100
0000001001101011
1111111111000010
1111100111000110
0000011001110100
0000000001011100
0000000011110100
1111110000001111
0000001110001011
1111100111000110
1111100011111101
0000000100000101
0000000101001110
1111101011010100
1111100111100001
1111100010010100
0000000111111000
0000000111000001
0000000001110000
0000000010101011
1111101010000010
0000001100101011
0000000000011001
1111110001010001
0000001110011110
1111101001011010
0000010110100001
0000010100111010
0000000000001111
1111101111110110
0000001010000000
0000010101010011
0000000100001010
0000011110101011
0000010011110010
1111100010011101
0000011101100110
1111100001100111
0000001001101001
0000001001110100
1111101101110111
1111100101111100
0000000100001001
1111111010101010
1111111011100000
1111100101011100
1111101000101011
0000011010111010
0000011011001100
1111101011001101
1111101001000010
1111110101001010
1111111111110011
0000010101000010
0000011100001001
1111110011111110
0000001001101000
1111110111011111
1111100101100000
0000011111110011
0000011010001100
0000011000010101
1111100011101101
0000011000011000
0000010100100001
1111111110011010
1111111010101101
1111101000111111
0000000101010100
1111100010000100
1111111110110000
0000000100000011
0000010110111011
1111110111001010
1111100011101101
1111110000001101
1111100001110011
1111101111101011
0000010100011010
0000010000110010
1111111110111111
0000010100101010
1111111100100001
1111111101011000
0000010011110000
1111111011110001
1111110110101110
1111111101010110
0000000111001011
1111100010101001
1111100111100010
1111101111011100
1111110000010001
1111111001000011
1111101101001100
1111100101100111
1111111100110010
1111101010111111
0000010100100110
0000011010110110
0000001011111010
1111111010110101
0000000011001001
0000011101111000
1111101110101000
1111110001001110
0000000101101001
0000000010001010
0000000101010000
1111101000011101
0000001001110111
0000001000011110
1111101000100110
1111101100001100
1111101101101110
0000010010110101
0000000000100110
0000000111011001
0000010101111111
0000010000100010
0000010011010000
0000001111011010
0000000010001000
1111111110001011
1111110101000011
0000000011110000
0000010011000011
0000001010001010
0000011000101011
0000011010010110
1111111110011110
0000011010010000
1111110001111111
1111100101110110
1111110111011011
0000010100001010
0000000110011000
0000010010101010
1111101101101010
0000011110101101
0000001110001001
0000010101010010
1111100001101100
0000010110001110
0000001111001000
1111111010101000
0000000001000000
0000000000111010
0000001011011001
0000000000110011
1111110101110010
0000001100111110
1111111111111011
1111100010000000
1111100111000101
1111110111001011
1111100111000110
1111100110010100
0000000000111101
0000001000011000
1111111001011110
1111110100111100
1111110101110001
1111111100001000
0000010100111001
1111101001010110
0000011101111010
1111111010100010
0000000110110011
0000001001110010
1111110111101100
1111100000000100
0000011011100011
1111100110111001
0000010000100111
1111110001110111
0000001010010101
0000001001111110
0000000101011000
1111111111110000
1111110011010011
1111101001100100
0000000011011000
0000011101101101
1111100111000101
1111100101001010
1111100110001101
0000011110111101
0000000010101100
1111110110111100
0000011111010101
0000000010000111
1111100100110111
0000000101001010
0000001011101000
0000010101100100
1111111101111110
1111110101010000
0000011110011011
0000001100000010
1111110111111000
0000001011001100
0000001011110001
0000010111000110
1111110011111001
0000000010100100
0000001011110100
1111110101000000
0000011001100010
0000011110111111
0000000001000011
1111101001010111
0000001110101111
1111100011000101
1111101100111000
1111110100000011
1111101110011101
0000011110111010
0000010011101101
0000010011101000
0000011111110101
0000011111101101
1111110101110011
1111101011101000
1111111101100011
0000010111000001
1111110101100110
0000001110010110
1111110001001010
1111110010001011
1111111001110100
1111110111000110
1111100110000111
0000010011001110
0000010110011110
0000000111100100
1111101010000001
0000000001000011
0000010010101100
1111111100000001
1111110111001100
0000000110010110
0000000100011100
1111110100111010
1111110001111101
0000010010010100
0000001100100101
1111100000110010
0000011000010011
1111100111011110
1111101110101010
1111101110010100
0000000010011011
1111100101111011
0000011110111010
1111110001001100
1111110000001110
0000001101000111
1111100101101010
1111110100110000
0000010000111100
1111111100111000
0000001010110110
1111100001101000
1111100111010101
1111111100101100
1111110111010000
1111101101111001
0000010110111100
1111111110100001
1111110101010010
0000001110000011
1111101101000000
1111111001110100
1111111010000010
1111110101011010
1111110110111000
0000010101001010
0000010011000011
0000000100010101
0000001000110101
0000010011000101
1111111001010111
1111100100001111
1111100000111000
0000001001110001
1111101010010100
1111100010010101
0000000011111011
0000000111110110
1111100111010000
1111110000011001
0000010010111100
1111101101000011
0000000110011010
1111100101100010
1111110110001111
1111111000001001
1111100100001100
0000000110110111
1111101100000100
0000011111110000
1111100101101111
1111110001010110
0000001101000011
1111111111110110
0000011010110100
0000001001010111
0000011000111011
0000011011100001
1111101101001011
0000011011101110
0000000101010010
1111110001110101
1111111000111101
1111111011100010
1111101111000111
1111110110001101
1111100110110101
0000011101000110
0000010101001100
1111110011010001
0000001010001101
1111101111010011
0000010111010100
1111111000011110
0000010000011011
0000010011111001
1111110110000110
1111101001111101
1111110110101111
0000010101010100
0000001100011001
0000010010111011
1111101111011010
1111100010010101
0000010010000100
1111111101010110
0000000111001100
1111101000011000
1111100101001101
1111101111110110
1111110000001101
1111100111101011
0000011111011010
0000000101000000
1111101111010111
1111111110100100
1111111010111010
0000001110110000
0000001101001010
0000000100100101
1111111011011111
0000010100111110
1111111110110111
1111101111100101
0000011100000100
0000011110001110
1111110111110010
0000001101100010
1111101111010010
0000011100001111
0000010001010110
1111101000111011
1111100001010100
1111110010100100
1111110000010000
0000010001001111
0000000110110010
0000010111100101
0000011101110110
0000001000100101
1111111011100010
1111101001011111
1111111101010101
1111110111100001
1111101111000010
0000001101110100
1111100010111011
1111110010001001
1111101000101100
0000011010000001
1111111100101000
0000001100100101
0000000000111010
1111111001101011
0000001111000000
0000000111110111
1111101001111010
1111101010011101
0000010000100111
0000010000110100
1111111001010010
1111101001011101
1111110001100111
1111111010011000
0000011010000000
1111101010010001
1111101010001001
0000010101010011
0000010000100100
1111110011101111
1111111000011101
1111111101000111
1111100001111110
1111110110101011
0000000101000100
0000000011000111
0000011100000110
0000001001011011
1111100000111111
1111101000011111
0000000011111001
0000011001110110
1111100011001001
1111100111001011
1111111001001010
1111111110010011
1111101100011101
1111101010010110
1111101000000110
1111110111000111
1111100000100010
0000010000100011
0000000000010111
1111100111001001
0000010100001001
1111110010111011
0000011001110000
1111101101111001
1111100000010111
1111100011010010
1111101011000101
1111101111010001
1111101011111001
0000011001110101
0000001100100101
1111111010110010
0000010001011101
1111111110001101
1111111011101101
0000000100010001
0000010011001000
1111110100001000
1111111010100110
0000001110110011
1111100000111011
1111101010110000
1111111111111100
0000010111000101
0000010001010101
0000000101000111
1111100101001101
0000010100011111
0000010001001011
0000010001011101
0000011110000111
1111110111001010
0000010101000001
0000011111100001
1111111110010101
0000000111101101
1111111110001011
1111111010100100
0000001100110000
0000000110101011
1111111110100011
1111111001111001
0000001010001011
1111101101100010
1111110100100110
0000011010110011
1111100000000101
1111110111111011
1111111110000000
0000010111101110
1111100100001110
0000010001010110
0000011101010001
1111100100011001
1111101001010010
0000011001011001
1111100001001110
0000001001011110
0000001001110011
0000011010011011
1111100111011001
0000001010101100
1111101101001001
1111110010001011
0000010011000101
1111100010011011
0000010001101100
1111100001011001
1111100011011111
0000000001101001
0000001111001011
0000000101110011
0000011100100011
1111100011010110
0000000001000100
1111111101001111
1111101001111010
1111110000001000
1111101111110101
0000010111111010
1111111111111001
1111110000001000
1111111001110110
1111111000010110
0000010110010000
1111110111000100
0000001111100110
0000010001001101
1111110001000011
1111111111101011
1111111001100010
0000010001101111
1111110000110010
1111100111110011
1111111101101011
0000001100100010
1111110000110111
0000000010001001
1111101101100011
1111100001010000
0000001011100001
0000000110110001
1111111101110110
1111110000000001
0000000001011011
1111100100010111
1111100001011101
1111101011100100
0000010010101011
1111111100000010
0000000001001010
1111110110011011
0000001110100101
1111111010110111
1111110000100111
0000001110001011
1111100111010110
1111111110000101
0000000010001000
1111111011101101
1111101100101110
0000010011111100
0000000011010100
1111101110000110
0000000001111010
0000000111000110
1111110100100011
1111110010101000
0000000010100010
1111111101111010
1111100010010001
0000011110101000
1111100110000101
1111110011011101
0000000010111011
1111100001010100
1111100000011000
0000000100100110
1111111011111101
0000011010010101
0000000110001101
1111100011111010
0000000011001011
0000011110110000
0000011000001100
0000000001111010
1111110001101100
1111100111110110
1111111010100111
0000000111101000
1111110001110011
0000010011110010
0000000110111111
1111110110001001
0000000101110100
1111110000000011
1111100000000111
0000001000000101
0000001110010011
0000001010111010
1111110100001110
0000000011110100
0000010000110110
0000010101011010
1111111000111001
1111111101011010
0000000110001010
1111100100100000
1111101101001001
1111111111001111
0000011011000110
0000000110000100
0000001111101001
0000000100011101
0000001011000000
1111100010001011
1111111001011100
1111101000011011
1111111000101111
0000001000110111
0000010111011111
1111100100111010
0000010110101101
1111110010010001
0000001010000000
1111100001111011
0000010101110110
0000000010111010
0000011111110100
1111101110100011
0000010111101001
1111111001110111
0000010000000000
1111100111101101
1111100111001010
1111101010011111
1111110011011011
0000001100100001
1111100010010000
1111101110011111
0000000010011110
1111110000101010
0000000011010110
0000011001111110
0000001110001000
0000001101010000
1111101111001110
1111101110111010
1111110011110001
1111100111001111
0000001001111011
0000000100101110
0000001000001101
0000000011101110
1111101000100100
0000001011111010
0000010101100011
0000011000100100
1111100110000100
1111111110001000
1111110001001000
0000011001000101
0000010110010000
0000011010001111
0000010001110000
0000011100000000
1111100101000100
0000000011011100
1111110011101110
1111111110011111
0000010010101110
1111110110001001
0000000001001101
0000010000010010
0000011000010011
1111100000110100
1111110110111001
0000011110101011
1111110111101011
0000010101110111
1111110111101101
0000001000111011
1111111000100010
1111110011101000
0000010011001010
1111100111111100
0000001001000110
0000001010111111
0000000100101100
1111111011010111
1111111011110111
0000010011110101
1111111010001011
0000010111110111
1111100001000110
1111100101010010
0000011101000101
0000010100100000
1111111010010000
0000010110111111
1111111101110101
1111101011101011
1111100010111111
1111111010110111
1111110010101111
0000001000101111
0000011000111111
1111111101010000
0000011001110100
1111101010010001
1111110110101111
1111111001111011
1111110000100111
1111110100000010
1111111001111010
1111111001000001
1111100100111100
1111110111101110
1111101010000111
0000000011001100
1111100011101001
0000010000011001
1111101001001111
0000010110101101
1111100001110001
0000000111101010
1111111001010001
0000011100101101
1111110111101001
0000011011010011
0000010011001111
1111111010110100
0000001101111101
0000000010110101
1111100000001101
1111110101001000
1111111001010000
0000010101101010
1111111001110111
1111110001011110
1111111111001101
0000010011001001
1111100001010111
1111100011010011
1111101100001010
1111111000000001
1111110011011001
0000000100101011
0000001100011100
0000011101101011
1111101011000111
1111111011111111
0000000001100101
1111100100111001
1111101010111110
1111100011011010
0000000111111011
0000011001010101
1111111011010000
1111100001101100
1111101110100001
0000010100110101
1111110110011010
0000010000001110
1111110011001000
1111101011111000
1111100111111010
0000000010101011
0000000110100100
0000011011000110
1111110000110010
1111110110000000
1111110000011111
0000010000000011
1111100111011011
1111110000110000
1111100101111011
1111101111001101
0000011010000110
0000001000011111
0000000110111110
1111100000110001
1111101000101001
0000001110010001
0000010100100111
1111111111100011
1111101001001010
1111100110110111
0000010101101101
1111100001001100
0000001111000010
1111111001101111
0000010100011001
0000010111100101
0000001101110100
1111101001101101
0000001010101010
0000001000101000
1111101000011111
1111110110001111
0000011101111110
1111111010001100
0000001111001101
0000011110110010
0000011010101111
1111110000101011
1111111110010011
0000000010100010
0000001101010000
1111110110100100
1111100100111010
0000001100110111
0000001011101111
0000001011010001
1111111001100010
1111111000001011
1111110010010000
0000000001001000
1111101110100000
0000010100111111
1111111111110001
1111111010110101
1111111101001101
1111111000101101
1111101000010010
0000010111101010
1111100000111011
0000001100110011
1111111011001001
0000000011110100
1111110000110101
1111101001000011
0000010101011010
0000010110101011
0000001110110011
0000011010011011
1111110100100000
0000000010111100
0000011001001100
0000011000100001
0000000101110000
1111110011001101
1111101001100010
0000010100001100
1111111110010000
0000011110001111
0000010110010111
0000000011011010
1111101000011010
0000011100101100
1111110100010101
1111101001110100
0000010101000101
1111100011110000
0000011000000110
0000010000100011
0000011110110110
0000010101011101
0000001111101101
1111110001100011
1111110011011101
0000011111010110
0000010001101100
1111111111100011
1111100110101010
0000011011011110
1111101010100010
1111101001101001
0000011110000111
0000010111110011
0000010010010001
1111100110101111
0000000010001110
0000000011110001
1111100001001101
1111100101000011
0000011000011000
0000001011110011
1111101000000011
1111101110100001
0000010010101010
0000001001110110
0000001010111111
0000011100110011
0000001111101000
0000001101111110
0000010100001111
0000011100101100
1111100100001101
1111101000001111
1111110111000110
1111101101111101
1111111110110101
0000011110101101
1111111101000010
0000010100011100
1111111000000100
0000011010011000
0000011001100110
1111101100001010
0000011001001100
1111110111000110
0000010110001001
1111111011110001
0000011001000101
1111101110000110
0000011000110001
1111110010111101
0000011110111011
0000001110110100
0000000000000100
0000000111011010
0000001100101001
0000000111011111
1111111001110110
1111110100101001
1111111011001000
0000011001011101
0000011011011001
1111100010011101
1111100011101110
0000001001111001
0000011010100111
1111100111010011
1111101111101101
0000000111000001
0000010110011111
1111111100111000
1111111000100011
1111100011010100
0000001111001101
0000010110100001
0000010111001000
0000000001011110
1111100111010001
1111101000101110
1111101100110110
0000010110100110
1111100000010000
1111110100100000
1111110011010001
0000001101101110
1111111011111011
0000001001011001
1111101100010000
0000011000100111
1111101111111010
1111100001001000
1111111000110011
0000010111010111
1111110110100001
1111110111101111
1111101110110001
1111111111111110
1111100000110001
0000010011101110
1111100001110111
0000011111110100
1111110110111010
0000000110101110
1111100100101110
1111101100100110
0000001101011110
1111100100110011
0000011010101001
1111101100110100
0000000100111110
0000010100001000
1111100100010010
1111100000100100
0000010111010111
0000001110010001
0000010001011001
1111111101001001
0000011111010110
1111110001111000
0000000110011101
0000001101001001
0000010001101011
