0000000000000000
0000000001101010
0000000011010101
0000000100111100
0000000110100001
0000001000000010
0000001001011111
0000001010110110
0000001100000110
0000001101010000
0000001110010010
0000001111001100
0000001111111101
0000010000100101
0000010001000100
0000010001011001
0000010001100100
0000010001100101
0000010001011100
0000010001001010
0000010000101110
0000010000001001
0000001111011100
0000001110100111
0000001101101001
0000001100100101
0000001011011010
0000001010001010
0000001000110100
0000000111011011
0000000110000000
0000000100100010
0000000011000100
0000000001100110
0000000000000111
1111111110101100
1111111101010011
1111111011111110
1111111010101101
1111111001100010
1111111000011101
1111110111011111
1111110110101001
1111110101111011
1111110101010101
1111110100111001
1111110100100110
1111110100011100
1111110100011100
1111110100100111
1111110100111011
1111110101011000
1111110101111111
1111110110101111
1111110111101000
1111111000101000
1111111001110001
1111111011000000
1111111100010101
1111111101110000
1111111111010000
0000000000110011
0000000010011001
0000000100000010
0000000101101010
0000000111010010
0000001000111011
0000001010100000
0000001100000011
0000001101100011
0000001110111101
0000010000010010
0000010001100000
0000010010101000
0000010011100111
0000010100011110
0000010101001101
0000010101110011
0000010110001111
0000010110100001
0000010110101010
0000010110101000
0000010110011101
0000010110001000
0000010101101001
0000010101000001
0000010100010000
0000010011011001
0000010010011000
0000010001010000
0000010000000010
0000001110101111
0000001101010111
0000001011111010
0000001010011100
0000001000111011
0000000111011001
0000000101110111
0000000100010110
0000000010110111
0000000001011010
0000000000000001
1111111110101101
1111111101011110
1111111100010110
1111111011010100
1111111010011010
1111111001101000
1111111000111111
1111111000011110
1111111000001000
1111110111111010
1111110111110110
1111110111111100
1111111000001100
1111111000100101
1111111001001000
1111111001110100
1111111010101001
1111111011100101
1111111100101010
1111111101110100
1111111111000110
0000000000011100
0000000001110111
0000000011010111
0000000100111000
0000000110011100
0000001000000000
0000001001100100
0000001011001000
0000001100101001
0000001110000111
0000001111100010
0000010000111000
0000010010001000
0000010011010010
0000010100010101
0000010101001111
0000010110000010
0000010110101100
0000010111001101
0000010111100100
0000010111110010
0000010111110110
0000010111110000
0000010111100000
0000010111000110
0000010110100011
0000010101110110
0000010101000000
0000010100000100
0000010010111110
0000010001110010
0000010000011111
0000001111000111
0000001101101010
0000001100001001
0000001010100110
0000001000111111
0000000111011001
0000000101110011
0000000100001100
0000000010101000
0000000001000111
1111111111101001
1111111110010000
1111111100111100
1111111011110000
1111111010101001
1111111001101010
1111111000110011
1111111000000101
1111110111100000
1111110111000101
1111110110110010
1111110110101010
1111110110101011
1111110110110111
1111110111001011
1111110111101001
1111111000010000
1111111001000001
1111111001111000
1111111010111000
1111111011111110
1111111101001011
1111111110011101
1111111111110011
0000000001001110
0000000010101011
0000000100001010
0000000101101010
0000000111001010
0000001000101001
0000001010000101
0000001011100000
0000001100110110
0000001110000111
0000001111010100
0000010000011001
0000010001011000
0000010010001110
0000010010111101
0000010011100011
0000010100000000
0000010100010011
0000010100011101
0000010100011100
0000010100010010
0000010011111110
0000010011100001
0000010010111001
0000010010001001
0000010001001111
0000010000001111
0000001111000101
0000001101110110
0000001100011111
0000001011000100
0000001001100011
0000000111111110
0000000110010111
0000000100101110
0000000011000100
0000000001011010
1111111111110000
1111111110001001
1111111100100100
1111111011000100
1111111001101000
1111111000010001
1111110111000001
1111110101110111
1111110100110110
1111110011111011
1111110011001010
1111110010100010
1111110010000100
1111110001101111
1111110001100100
1111110001100011
1111110001101100
1111110001111101
1111110010011001
1111110010111110
1111110011101100
1111110100100000
1111110101011110
1111110110100010
1111110111101101
1111111000111100
1111111010010001
1111111011101010
1111111101000101
1111111110100010
0000000000000000
0000000001011110
0000000010111011
0000000100010110
0000000101101111
0000000111000100
0000001000010011
0000001001011110
0000001010100010
0000001011100000
0000001100010100
0000001101000010
0000001101100111
0000001110000011
0000001110010100
0000001110011101
0000001110011100
0000001110010001
0000001101111100
0000001101011110
0000001100110110
0000001100000101
0000001011001010
0000001010001001
0000001000111111
0000000111101111
0000000110011000
0000000100111100
0000000011011100
0000000001110111
0000000000010000
1111111110100110
1111111100111100
1111111011010010
1111111001101001
1111111000000010
1111110110011101
1111110100111100
1111110011100001
1111110010001010
1111110000111011
1111101111110001
1111101110110001
1111101101110111
1111101101000111
1111101100011111
1111101100000010
1111101011101110
1111101011100100
1111101011100011
1111101011101101
1111101100000000
1111101100011101
1111101101000011
1111101101110010
1111101110101000
1111101111100111
1111110000101100
1111110001111001
1111110011001010
1111110100100000
1111110101111011
1111110111010111
1111111000110110
1111111010010110
1111111011110110
1111111101010101
1111111110110010
0000000000001101
0000000001100011
0000000010110101
0000000100000010
0000000101001000
0000000110001000
0000000110111111
0000000111110000
0000001000010111
0000001000110101
0000001001001001
0000001001010101
0000001001010110
0000001001001110
0000001000111011
0000001000100000
0000000111111011
0000000111001101
0000000110010110
0000000101010111
0000000100010000
0000000011000100
0000000001110000
0000000000010111
1111111110111001
1111111101011000
1111111011110100
1111111010001101
1111111000100111
1111110111000001
1111110101011010
1111110011110111
1111110010010110
1111110000111001
1111101111100001
1111101110001110
1111101101000010
1111101011111100
1111101011000000
1111101010001010
1111101001011101
1111101000111010
1111101000100000
1111101000010000
1111101000001010
1111101000001110
1111101000011100
1111101000110011
1111101001010100
1111101001111110
1111101010110001
1111101011101011
1111101100101110
1111101101111000
1111101111001000
1111110000011110
1111110001111001
1111110011010111
1111110100111000
1111110110011100
1111111000000000
1111111001100100
1111111011001000
1111111100101001
1111111110001001
1111111111100100
0000000000111010
0000000010001100
0000000011010110
0000000100011011
0000000101010111
0000000110001100
0000000110111000
0000000111011011
0000000111110100
0000001000000100
0000001000001010
0000001000000110
0000000111111000
0000000111100010
0000000111000001
0000000110011000
0000000101100110
0000000100101100
0000000011101010
0000000010100010
0000000001010011
1111111111111111
1111111110100110
1111111101001001
1111111011101010
1111111010001001
1111111000100111
1111110111000101
1111110101100100
1111110100000110
1111110010101001
1111110001010001
1111101111111110
1111101110110000
1111101101101000
1111101100100111
1111101011110000
1111101010111111
1111101010010111
1111101001111000
1111101001100011
1111101001011000
1111101001010110
1111101001011111
1111101001110001
1111101010001101
1111101010110011
1111101011100010
1111101100011001
1111101101011000
1111101110100000
1111101111101110
1111110001000011
1111110010011101
1111110011111101
1111110101100000
1111110111000101
1111111000101110
1111111010010110
1111111011111110
1111111101100111
1111111111001101
0000000000110000
0000000010010000
0000000011101011
0000000101000000
0000000110001111
0000000111011000
0000001000011000
0000001001010001
0000001010000001
0000001010101000
0000001011000101
0000001011011001
0000001011100100
0000001011100100
0000001011011010
0000001011000111
0000001010101011
0000001010000101
0000001001010111
0000001000100001
0000000111100011
0000000110011110
0000000101010011
0000000100000010
0000000010101101
0000000001010100
1111111111111001
1111111110011010
1111111100111100
1111111011011110
1111111010000000
1111111000100101
1111110111001100
1111110101110110
1111110100100110
1111110011011011
1111110010010111
1111110001011001
1111110000100100
1111101111110111
1111101111010010
1111101110110110
1111101110100100
1111101110011011
1111101110011100
1111101110100111
1111101110111100
1111101111011011
1111110000000011
1111110000110100
1111110001101110
1111110010110000
1111110011111010
1111110101001010
1111110110100001
1111110111111110
1111111001011111
1111111011000100
1111111100101011
1111111110010110
0000000000000000
0000000001101010
0000000011010101
0000000100111100
0000000110100001
0000001000000010
0000001001011111
0000001010110110
0000001100000110
0000001101010000
0000001110010010
0000001111001100
0000001111111101
0000010000100101
0000010001000100
0000010001011001
0000010001100100
0000010001100101
0000010001011100
0000010001001010
0000010000101110
0000010000001001
0000001111011100
0000001110100111
0000001101101001
0000001100100101
0000001011011010
0000001010001010
0000001000110100
0000000111011011
0000000110000000
0000000100100010
0000000011000100
0000000001100110
0000000000000111
1111111110101100
1111111101010011
1111111011111110
1111111010101101
1111111001100010
1111111000011101
1111110111011111
1111110110101001
1111110101111011
1111110101010101
1111110100111001
1111110100100110
1111110100011100
1111110100011100
1111110100100111
1111110100111011
1111110101011000
1111110101111111
1111110110101111
1111110111101000
1111111000101000
1111111001110001
1111111011000000
1111111100010101
1111111101110000
1111111111010000
0000000000110011
0000000010011001
0000000100000010
0000000101101010
0000000111010010
0000001000111011
0000001010100000
0000001100000011
0000001101100011
0000001110111101
0000010000010010
0000010001100000
0000010010101000
0000010011100111
0000010100011110
0000010101001101
0000010101110011
0000010110001111
0000010110100001
0000010110101010
0000010110101000
0000010110011101
0000010110001000
0000010101101001
0000010101000001
0000010100010000
0000010011011001
0000010010011000
0000010001010000
0000010000000010
0000001110101111
0000001101010111
0000001011111010
0000001010011100
0000001000111011
0000000111011001
0000000101110111
0000000100010110
0000000010110111
0000000001011010
0000000000000001
1111111110101101
1111111101011110
1111111100010110
1111111011010100
1111111010011010
1111111001101000
1111111000111111
1111111000011110
1111111000001000
1111110111111010
1111110111110110
1111110111111100
1111111000001100
1111111000100101
1111111001001000
1111111001110100
1111111010101001
1111111011100101
1111111100101010
1111111101110100
1111111111000110
0000000000011100
0000000001110111
0000000011010111
0000000100111000
0000000110011100
0000001000000000
0000001001100100
0000001011001000
0000001100101001
0000001110000111
0000001111100010
0000010000111000
0000010010001000
0000010011010010
0000010100010101
0000010101001111
0000010110000010
0000010110101100
0000010111001101
0000010111100100
0000010111110010
0000010111110110
0000010111110000
0000010111100000
0000010111000110
0000010110100011
0000010101110110
0000010101000000
0000010100000100
0000010010111110
0000010001110010
0000010000011111
0000001111000111
0000001101101010
0000001100001001
0000001010100110
0000001000111111
0000000111011001
0000000101110011
0000000100001100
0000000010101000
0000000001000111
1111111111101001
1111111110010000
1111111100111100
1111111011110000
1111111010101001
1111111001101010
1111111000110011
1111111000000101
1111110111100000
1111110111000101
1111110110110010
1111110110101010
1111110110101011
1111110110110111
1111110111001011
1111110111101001
1111111000010000
1111111001000001
1111111001111000
1111111010111000
1111111011111110
1111111101001011
1111111110011101
1111111111110011
0000000001001110
0000000010101011
0000000100001010
0000000101101010
0000000111001010
0000001000101001
0000001010000101
0000001011100000
0000001100110110
0000001110000111
0000001111010100
0000010000011001
0000010001011000
0000010010001110
0000010010111101
0000010011100011
0000010100000000
0000010100010011
0000010100011101
0000010100011100
0000010100010010
0000010011111110
0000010011100001
0000010010111001
0000010010001001
0000010001001111
0000010000001111
0000001111000101
0000001101110110
0000001100011111
0000001011000100
0000001001100011
0000000111111110
0000000110010111
0000000100101110
0000000011000100
0000000001011010
1111111111110000
1111111110001001
1111111100100100
1111111011000100
1111111001101000
1111111000010001
1111110111000001
1111110101110111
1111110100110110
1111110011111011
1111110011001010
1111110010100010
1111110010000100
1111110001101111
1111110001100100
1111110001100011
1111110001101100
1111110001111101
1111110010011001
1111110010111110
1111110011101100
1111110100100000
1111110101011110
1111110110100010
1111110111101101
1111111000111100
1111111010010001
1111111011101010
1111111101000101
1111111110100010
0000000000000000
0000000001011110
0000000010111011
0000000100010110
0000000101101111
0000000111000100
0000001000010011
0000001001011110
0000001010100010
0000001011100000
0000001100010100
0000001101000010
0000001101100111
0000001110000011
0000001110010100
0000001110011101
0000001110011100
0000001110010001
0000001101111100
0000001101011110
0000001100110110
0000001100000101
0000001011001010
0000001010001001
0000001000111111
0000000111101111
0000000110011000
0000000100111100
0000000011011100
0000000001110111
0000000000010000
1111111110100110
1111111100111100
1111111011010010
1111111001101001
1111111000000010
1111110110011101
1111110100111100
1111110011100001
1111110010001010
1111110000111011
1111101111110001
1111101110110001
1111101101110111
1111101101000111
1111101100011111
1111101100000010
1111101011101110
1111101011100100
1111101011100011
1111101011101101
1111101100000000
1111101100011101
1111101101000011
1111101101110010
1111101110101000
1111101111100111
1111110000101100
1111110001111001
1111110011001010
1111110100100000
1111110101111011
1111110111010111
1111111000110110
1111111010010110
1111111011110110
1111111101010101
1111111110110010
0000000000001101
0000000001100011
0000000010110101
0000000100000010
0000000101001000
0000000110001000
0000000110111111
0000000111110000
0000001000010111
0000001000110101
0000001001001001
0000001001010101
0000001001010110
0000001001001110
0000001000111011
0000001000100000
0000000111111011
0000000111001101
0000000110010110
0000000101010111
0000000100010000
0000000011000100
0000000001110000
0000000000010111
1111111110111001
1111111101011000
1111111011110100
1111111010001101
1111111000100111
1111110111000001
1111110101011010
1111110011110111
1111110010010110
1111110000111001
1111101111100001
1111101110001110
1111101101000010
1111101011111100
1111101011000000
1111101010001010
1111101001011101
1111101000111010
1111101000100000
1111101000010000
1111101000001010
1111101000001110
1111101000011100
1111101000110011
1111101001010100
1111101001111110
1111101010110001
1111101011101011
1111101100101110
1111101101111000
1111101111001000
1111110000011110
1111110001111001
1111110011010111
1111110100111000
1111110110011100
1111111000000000
1111111001100100
1111111011001000
1111111100101001
1111111110001001
1111111111100100
0000000000111010
0000000010001100
0000000011010110
0000000100011011
0000000101010111
0000000110001100
0000000110111000
0000000111011011
0000000111110100
0000001000000100
0000001000001010
0000001000000110
0000000111111000
0000000111100010
0000000111000001
0000000110011000
0000000101100110
0000000100101100
0000000011101010
0000000010100010
0000000001010011
1111111111111111
1111111110100110
1111111101001001
1111111011101010
1111111010001001
1111111000100111
1111110111000101
1111110101100100
1111110100000110
1111110010101001
1111110001010001
1111101111111110
1111101110110000
1111101101101000
1111101100100111
1111101011110000
1111101010111111
1111101010010111
1111101001111000
1111101001100011
1111101001011000
1111101001010110
1111101001011111
1111101001110001
1111101010001101
1111101010110011
1111101011100010
1111101100011001
1111101101011000
1111101110100000
1111101111101110
1111110001000011
1111110010011101
1111110011111101
1111110101100000
1111110111000101
1111111000101110
1111111010010110
1111111011111110
1111111101100111
1111111111001101
0000000000110000
0000000010010000
0000000011101011
0000000101000000
0000000110001111
0000000111011000
0000001000011000
0000001001010001
0000001010000001
0000001010101000
0000001011000101
0000001011011001
0000001011100100
0000001011100100
0000001011011010
0000001011000111
0000001010101011
0000001010000101
0000001001010111
0000001000100001
0000000111100011
0000000110011110
0000000101010011
0000000100000010
0000000010101101
0000000001010100
1111111111111001
1111111110011010
1111111100111100
1111111011011110
1111111010000000
1111111000100101
1111110111001100
1111110101110110
1111110100100110
1111110011011011
1111110010010111
1111110001011001
1111110000100100
1111101111110111
1111101111010010
1111101110110110
1111101110100100
1111101110011011
1111101110011100
1111101110100111
1111101110111100
1111101111011011
1111110000000011
1111110000110100
1111110001101110
1111110010110000
1111110011111010
1111110101001010
1111110110100001
1111110111111110
1111111001011111
1111111011000100
1111111100101011
1111111110010110
0000000000000000
0000000001101010
0000000011010101
0000000100111100
0000000110100001
0000001000000010
0000001001011111
0000001010110110
0000001100000110
0000001101010000
0000001110010010
0000001111001100
0000001111111101
0000010000100101
0000010001000100
0000010001011001
0000010001100100
0000010001100101
0000010001011100
0000010001001010
0000010000101110
0000010000001001
0000001111011100
0000001110100111
0000001101101001
0000001100100101
0000001011011010
0000001010001010
0000001000110100
0000000111011011
0000000110000000
0000000100100010
0000000011000100
0000000001100110
0000000000000111
1111111110101100
1111111101010011
1111111011111110
1111111010101101
1111111001100010
1111111000011101
1111110111011111
1111110110101001
1111110101111011
1111110101010101
1111110100111001
1111110100100110
1111110100011100
1111110100011100
1111110100100111
1111110100111011
1111110101011000
1111110101111111
1111110110101111
1111110111101000
1111111000101000
1111111001110001
1111111011000000
1111111100010101
1111111101110000
1111111111010000
0000000000110011
0000000010011001
0000000100000010
0000000101101010
0000000111010010
0000001000111011
0000001010100000
0000001100000011
0000001101100011
0000001110111101
0000010000010010
0000010001100000
0000010010101000
0000010011100111
0000010100011110
0000010101001101
0000010101110011
0000010110001111
0000010110100001
0000010110101010
0000010110101000
0000010110011101
0000010110001000
0000010101101001
0000010101000001
0000010100010000
0000010011011001
0000010010011000
0000010001010000
0000010000000010
0000001110101111
0000001101010111
0000001011111010
0000001010011100
0000001000111011
0000000111011001
0000000101110111
0000000100010110
0000000010110111
0000000001011010
0000000000000001
1111111110101101
1111111101011110
1111111100010110
1111111011010100
1111111010011010
1111111001101000
1111111000111111
1111111000011110
1111111000001000
1111110111111010
1111110111110110
1111110111111100
1111111000001100
1111111000100101
1111111001001000
1111111001110100
1111111010101001
1111111011100101
1111111100101010
1111111101110100
1111111111000110
0000000000011100
0000000001110111
0000000011010111
0000000100111000
0000000110011100
0000001000000000
0000001001100100
0000001011001000
0000001100101001
0000001110000111
0000001111100010
0000010000111000
0000010010001000
0000010011010010
0000010100010101
0000010101001111
0000010110000010
0000010110101100
0000010111001101
0000010111100100
0000010111110010
0000010111110110
0000010111110000
0000010111100000
0000010111000110
0000010110100011
0000010101110110
0000010101000000
0000010100000100
0000010010111110
0000010001110010
0000010000011111
0000001111000111
0000001101101010
0000001100001001
0000001010100110
0000001000111111
0000000111011001
0000000101110011
0000000100001100
0000000010101000
0000000001000111
1111111111101001
1111111110010000
1111111100111100
1111111011110000
1111111010101001
1111111001101010
1111111000110011
1111111000000101
1111110111100000
1111110111000101
1111110110110010
1111110110101010
1111110110101011
1111110110110111
1111110111001011
1111110111101001
1111111000010000
1111111001000001
1111111001111000
1111111010111000
1111111011111110
1111111101001011
1111111110011101
1111111111110011
0000000001001110
0000000010101011
0000000100001010
0000000101101010
0000000111001010
0000001000101001
0000001010000101
0000001011100000
0000001100110110
0000001110000111
0000001111010100
0000010000011001
0000010001011000
0000010010001110
0000010010111101
0000010011100011
0000010100000000
0000010100010011
0000010100011101
0000010100011100
0000010100010010
0000010011111110
0000010011100001
0000010010111001
0000010010001001
0000010001001111
0000010000001111
0000001111000101
0000001101110110
0000001100011111
0000001011000100
0000001001100011
0000000111111110
0000000110010111
0000000100101110
0000000011000100
0000000001011010
1111111111110000
1111111110001001
1111111100100100
1111111011000100
1111111001101000
1111111000010001
1111110111000001
1111110101110111
1111110100110110
1111110011111011
1111110011001010
1111110010100010
1111110010000100
1111110001101111
1111110001100100
1111110001100011
1111110001101100
1111110001111101
1111110010011001
1111110010111110
1111110011101100
1111110100100000
1111110101011110
1111110110100010
1111110111101101
1111111000111100
1111111010010001
1111111011101010
1111111101000101
1111111110100010
0000000000000000
0000000001011110
0000000010111011
0000000100010110
0000000101101111
0000000111000100
0000001000010011
0000001001011110
0000001010100010
0000001011100000
0000001100010100
0000001101000010
0000001101100111
0000001110000011
0000001110010100
0000001110011101
0000001110011100
0000001110010001
0000001101111100
0000001101011110
0000001100110110
0000001100000101
0000001011001010
0000001010001001
0000001000111111
0000000111101111
0000000110011000
0000000100111100
0000000011011100
0000000001110111
0000000000010000
1111111110100110
1111111100111100
1111111011010010
1111111001101001
1111111000000010
1111110110011101
1111110100111100
1111110011100001
1111110010001010
1111110000111011
1111101111110001
1111101110110001
1111101101110111
1111101101000111
1111101100011111
1111101100000010
1111101011101110
1111101011100100
1111101011100011
1111101011101101
1111101100000000
1111101100011101
1111101101000011
1111101101110010
1111101110101000
1111101111100111
1111110000101100
1111110001111001
1111110011001010
1111110100100000
1111110101111011
1111110111010111
1111111000110110
1111111010010110
1111111011110110
1111111101010101
1111111110110010
0000000000001101
0000000001100011
0000000010110101
0000000100000010
0000000101001000
0000000110001000
0000000110111111
0000000111110000
0000001000010111
0000001000110101
0000001001001001
0000001001010101
0000001001010110
0000001001001110
0000001000111011
0000001000100000
0000000111111011
0000000111001101
0000000110010110
0000000101010111
0000000100010000
0000000011000100
0000000001110000
0000000000010111
1111111110111001
1111111101011000
1111111011110100
1111111010001101
1111111000100111
1111110111000001
1111110101011010
1111110011110111
1111110010010110
1111110000111001
1111101111100001
1111101110001110
1111101101000010
1111101011111100
1111101011000000
1111101010001010
1111101001011101
1111101000111010
1111101000100000
1111101000010000
1111101000001010
1111101000001110
1111101000011100
1111101000110011
1111101001010100
1111101001111110
1111101010110001
1111101011101011
1111101100101110
1111101101111000
1111101111001000
1111110000011110
1111110001111001
1111110011010111
1111110100111000
1111110110011100
1111111000000000
1111111001100100
1111111011001000
1111111100101001
1111111110001001
1111111111100100
0000000000111010
0000000010001100
0000000011010110
0000000100011011
0000000101010111
0000000110001100
0000000110111000
0000000111011011
0000000111110100
0000001000000100
0000001000001010
0000001000000110
0000000111111000
0000000111100010
0000000111000001
0000000110011000
0000000101100110
0000000100101100
0000000011101010
0000000010100010
0000000001010011
1111111111111111
1111111110100110
1111111101001001
1111111011101010
1111111010001001
1111111000100111
1111110111000101
1111110101100100
1111110100000110
1111110010101001
1111110001010001
1111101111111110
1111101110110000
1111101101101000
1111101100100111
1111101011110000
1111101010111111
1111101010010111
1111101001111000
1111101001100011
1111101001011000
1111101001010110
1111101001011111
1111101001110001
1111101010001101
1111101010110011
1111101011100010
1111101100011001
1111101101011000
1111101110100000
1111101111101110
1111110001000011
1111110010011101
1111110011111101
1111110101100000
1111110111000101
1111111000101110
1111111010010110
1111111011111110
1111111101100111
1111111111001101
0000000000110000
0000000010010000
0000000011101011
0000000101000000
0000000110001111
0000000111011000
0000001000011000
0000001001010001
0000001010000001
0000001010101000
0000001011000101
0000001011011001
0000001011100100
0000001011100100
0000001011011010
0000001011000111
0000001010101011
0000001010000101
0000001001010111
0000001000100001
0000000111100011
0000000110011110
0000000101010011
0000000100000010
0000000010101101
0000000001010100
1111111111111001
1111111110011010
1111111100111100
1111111011011110
1111111010000000
1111111000100101
1111110111001100
1111110101110110
1111110100100110
1111110011011011
1111110010010111
1111110001011001
1111110000100100
1111101111110111
1111101111010010
1111101110110110
1111101110100100
1111101110011011
1111101110011100
1111101110100111
1111101110111100
1111101111011011
1111110000000011
1111110000110100
1111110001101110
1111110010110000
1111110011111010
1111110101001010
1111110110100001
1111110111111110
1111111001011111
1111111011000100
1111111100101011
1111111110010110
0000000000000000
0000000001101010
0000000011010101
0000000100111100
0000000110100001
0000001000000010
0000001001011111
0000001010110110
0000001100000110
0000001101010000
0000001110010010
0000001111001100
0000001111111101
0000010000100101
0000010001000100
0000010001011001
0000010001100100
0000010001100101
0000010001011100
0000010001001010
0000010000101110
0000010000001001
0000001111011100
0000001110100111
0000001101101001
0000001100100101
0000001011011010
0000001010001010
0000001000110100
0000000111011011
0000000110000000
0000000100100010
0000000011000100
0000000001100110
0000000000000111
1111111110101100
1111111101010011
1111111011111110
1111111010101101
1111111001100010
1111111000011101
1111110111011111
1111110110101001
1111110101111011
1111110101010101
1111110100111001
1111110100100110
1111110100011100
1111110100011100
1111110100100111
1111110100111011
1111110101011000
1111110101111111
1111110110101111
1111110111101000
1111111000101000
1111111001110001
1111111011000000
1111111100010101
1111111101110000
1111111111010000
0000000000110011
0000000010011001
0000000100000010
0000000101101010
0000000111010010
0000001000111011
0000001010100000
0000001100000011
0000001101100011
0000001110111101
0000010000010010
0000010001100000
0000010010101000
0000010011100111
0000010100011110
0000010101001101
0000010101110011
0000010110001111
0000010110100001
0000010110101010
0000010110101000
0000010110011101
0000010110001000
0000010101101001
0000010101000001
0000010100010000
0000010011011001
0000010010011000
0000010001010000
0000010000000010
0000001110101111
0000001101010111
0000001011111010
0000001010011100
0000001000111011
0000000111011001
0000000101110111
0000000100010110
0000000010110111
0000000001011010
0000000000000001
1111111110101101
1111111101011110
1111111100010110
1111111011010100
1111111010011010
1111111001101000
1111111000111111
1111111000011110
1111111000001000
1111110111111010
1111110111110110
1111110111111100
1111111000001100
1111111000100101
1111111001001000
1111111001110100
1111111010101001
1111111011100101
1111111100101010
1111111101110100
1111111111000110
0000000000011100
0000000001110111
0000000011010111
0000000100111000
0000000110011100
0000001000000000
0000001001100100
0000001011001000
0000001100101001
0000001110000111
0000001111100010
0000010000111000
0000010010001000
0000010011010010
0000010100010101
0000010101001111
0000010110000010
0000010110101100
0000010111001101
0000010111100100
0000010111110010
0000010111110110
0000010111110000
0000010111100000
0000010111000110
0000010110100011
0000010101110110
0000010101000000
0000010100000100
0000010010111110
0000010001110010
0000010000011111
0000001111000111
0000001101101010
0000001100001001
0000001010100110
0000001000111111
0000000111011001
0000000101110011
0000000100001100
0000000010101000
0000000001000111
1111111111101001
1111111110010000
1111111100111100
1111111011110000
1111111010101001
1111111001101010
1111111000110011
1111111000000101
1111110111100000
1111110111000101
1111110110110010
1111110110101010
1111110110101011
1111110110110111
1111110111001011
1111110111101001
1111111000010000
1111111001000001
1111111001111000
1111111010111000
1111111011111110
1111111101001011
1111111110011101
1111111111110011
0000000001001110
0000000010101011
0000000100001010
0000000101101010
0000000111001010
0000001000101001
0000001010000101
0000001011100000
0000001100110110
0000001110000111
0000001111010100
0000010000011001
0000010001011000
0000010010001110
0000010010111101
0000010011100011
0000010100000000
0000010100010011
0000010100011101
0000010100011100
0000010100010010
0000010011111110
0000010011100001
0000010010111001
0000010010001001
0000010001001111
0000010000001111
0000001111000101
0000001101110110
0000001100011111
0000001011000100
0000001001100011
0000000111111110
0000000110010111
0000000100101110
0000000011000100
0000000001011010
1111111111110000
1111111110001001
1111111100100100
1111111011000100
1111111001101000
1111111000010001
1111110111000001
1111110101110111
1111110100110110
1111110011111011
1111110011001010
1111110010100010
1111110010000100
1111110001101111
1111110001100100
1111110001100011
1111110001101100
1111110001111101
1111110010011001
1111110010111110
1111110011101100
1111110100100000
1111110101011110
1111110110100010
1111110111101101
1111111000111100
1111111010010001
1111111011101010
1111111101000101
1111111110100010
0000000000000000
0000000001011110
0000000010111011
0000000100010110
0000000101101111
0000000111000100
0000001000010011
0000001001011110
0000001010100010
0000001011100000
0000001100010100
0000001101000010
0000001101100111
0000001110000011
0000001110010100
0000001110011101
0000001110011100
0000001110010001
0000001101111100
0000001101011110
0000001100110110
0000001100000101
0000001011001010
0000001010001001
0000001000111111
0000000111101111
0000000110011000
0000000100111100
0000000011011100
0000000001110111
0000000000010000
1111111110100110
1111111100111100
1111111011010010
1111111001101001
1111111000000010
1111110110011101
1111110100111100
1111110011100001
1111110010001010
1111110000111011
1111101111110001
1111101110110001
1111101101110111
1111101101000111
1111101100011111
1111101100000010
1111101011101110
1111101011100100
1111101011100011
1111101011101101
1111101100000000
1111101100011101
1111101101000011
1111101101110010
1111101110101000
1111101111100111
1111110000101100
1111110001111001
1111110011001010
1111110100100000
1111110101111011
1111110111010111
1111111000110110
1111111010010110
1111111011110110
1111111101010101
1111111110110010
0000000000001101
0000000001100011
0000000010110101
0000000100000010
0000000101001000
0000000110001000
0000000110111111
0000000111110000
0000001000010111
0000001000110101
0000001001001001
0000001001010101
0000001001010110
0000001001001110
0000001000111011
0000001000100000
0000000111111011
0000000111001101
0000000110010110
0000000101010111
0000000100010000
0000000011000100
0000000001110000
0000000000010111
1111111110111001
1111111101011000
1111111011110100
1111111010001101
1111111000100111
1111110111000001
1111110101011010
1111110011110111
1111110010010110
1111110000111001
1111101111100001
1111101110001110
1111101101000010
1111101011111100
1111101011000000
1111101010001010
1111101001011101
1111101000111010
1111101000100000
1111101000010000
1111101000001010
1111101000001110
1111101000011100
1111101000110011
1111101001010100
1111101001111110
1111101010110001
1111101011101011
1111101100101110
1111101101111000
1111101111001000
1111110000011110
1111110001111001
1111110011010111
1111110100111000
1111110110011100
1111111000000000
1111111001100100
1111111011001000
1111111100101001
1111111110001001
1111111111100100
0000000000111010
0000000010001100
0000000011010110
0000000100011011
0000000101010111
0000000110001100
0000000110111000
0000000111011011
0000000111110100
0000001000000100
0000001000001010
0000001000000110
0000000111111000
0000000111100010
0000000111000001
0000000110011000
0000000101100110
0000000100101100
0000000011101010
0000000010100010
0000000001010011
1111111111111111
1111111110100110
1111111101001001
1111111011101010
1111111010001001
1111111000100111
1111110111000101
1111110101100100
1111110100000110
1111110010101001
1111110001010001
1111101111111110
1111101110110000
1111101101101000
1111101100100111
1111101011110000
1111101010111111
1111101010010111
1111101001111000
1111101001100011
1111101001011000
1111101001010110
1111101001011111
1111101001110001
1111101010001101
1111101010110011
1111101011100010
1111101100011001
1111101101011000
1111101110100000
1111101111101110
1111110001000011
1111110010011101
1111110011111101
1111110101100000
1111110111000101
1111111000101110
1111111010010110
1111111011111110
1111111101100111
1111111111001101
0000000000110000
0000000010010000
0000000011101011
0000000101000000
0000000110001111
0000000111011000
0000001000011000
0000001001010001
0000001010000001
0000001010101000
0000001011000101
0000001011011001
0000001011100100
0000001011100100
0000001011011010
0000001011000111
0000001010101011
0000001010000101
0000001001010111
0000001000100001
0000000111100011
0000000110011110
0000000101010011
0000000100000010
0000000010101101
0000000001010100
1111111111111001
1111111110011010
1111111100111100
1111111011011110
1111111010000000
1111111000100101
1111110111001100
1111110101110110
1111110100100110
1111110011011011
1111110010010111
1111110001011001
1111110000100100
1111101111110111
1111101111010010
1111101110110110
1111101110100100
1111101110011011
1111101110011100
1111101110100111
1111101110111100
1111101111011011
1111110000000011
1111110000110100
1111110001101110
1111110010110000
1111110011111010
1111110101001010
1111110110100001
1111110111111110
1111111001011111
1111111011000100
1111111100101011
1111111110010110
