0000000000000000
0000000001100101
0000000011001001
0000000100101110
0000000110010010
0000000111110110
0000001001011011
0000001010111111
0000001100100011
0000001110000111
0000001111101011
0000010001001110
0000010010110010
0000010100010101
0000010101111001
0000010111011011
0000011000111110
0000011010100001
0000011100000011
0000011101100101
0000011111000110
0000100000101000
0000100010001001
0000100011101010
0000100101001010
0000100110101010
0000101000001010
0000101001101001
0000101011001000
0000101100100110
0000101110000100
0000101111100010
0000110000111111
0000110010011100
0000110011111000
0000110101010011
0000110110101111
0000111000001001
0000111001100011
0000111010111101
0000111100010110
0000111101101110
0000111111000110
0001000000011101
0001000001110100
0001000011001001
0001000100011111
0001000101110011
0001000111000111
0001001000011010
0001001001101101
0001001010111111
0001001100010000
0001001101100000
0001001110110000
0001001111111111
0001010001001101
0001010010011010
0001010011100111
0001010100110011
0001010101111101
0001010111000111
0001011000010001
0001011001011001
0001011010100001
0001011011100111
0001011100101101
0001011101110010
0001011110110110
0001011111111001
0001100000111011
0001100001111100
0001100010111101
0001100011111100
0001100100111010
0001100101110111
0001100110110100
0001100111101111
0001101000101010
0001101001100011
0001101010011011
0001101011010011
0001101100001001
0001101100111110
0001101101110011
0001101110100110
0001101111011000
0001110000001001
0001110000111001
0001110001101000
0001110010010101
0001110011000010
0001110011101101
0001110100011000
0001110101000001
0001110101101001
0001110110010000
0001110110110110
0001110111011011
0001110111111111
0001111000100001
0001111001000010
0001111001100011
0001111010000001
0001111010011111
0001111010111100
0001111011010111
0001111011110001
0001111100001010
0001111100100010
0001111100111001
0001111101001110
0001111101100011
0001111101110110
0001111110000111
0001111110011000
0001111110100111
0001111110110101
0001111111000010
0001111111001110
0001111111011001
0001111111100010
0001111111101010
0001111111110001
0001111111110110
0001111111111010
0001111111111110
0001111111111111
0010000000000000
0001111111111111
0001111111111110
0001111111111010
0001111111110110
0001111111110001
0001111111101010
0001111111100010
0001111111011001
0001111111001110
0001111111000010
0001111110110101
0001111110100111
0001111110011000
0001111110000111
0001111101110110
0001111101100011
0001111101001110
0001111100111001
0001111100100010
0001111100001010
0001111011110001
0001111011010111
0001111010111100
0001111010011111
0001111010000001
0001111001100011
0001111001000010
0001111000100001
0001110111111111
0001110111011011
0001110110110110
0001110110010000
0001110101101001
0001110101000001
0001110100011000
0001110011101101
0001110011000010
0001110010010101
0001110001101000
0001110000111001
0001110000001001
0001101111011000
0001101110100110
0001101101110011
0001101100111110
0001101100001001
0001101011010011
0001101010011011
0001101001100011
0001101000101010
0001100111101111
0001100110110100
0001100101110111
0001100100111010
0001100011111100
0001100010111101
0001100001111100
0001100000111011
0001011111111001
0001011110110110
0001011101110010
0001011100101101
0001011011100111
0001011010100001
0001011001011001
0001011000010001
0001010111000111
0001010101111101
0001010100110011
0001010011100111
0001010010011010
0001010001001101
0001001111111111
0001001110110000
0001001101100000
0001001100010000
0001001010111111
0001001001101101
0001001000011010
0001000111000111
0001000101110011
0001000100011111
0001000011001001
0001000001110100
0001000000011101
0000111111000110
0000111101101110
0000111100010110
0000111010111101
0000111001100011
0000111000001001
0000110110101111
0000110101010011
0000110011111000
0000110010011100
0000110000111111
0000101111100010
0000101110000100
0000101100100110
0000101011001000
0000101001101001
0000101000001010
0000100110101010
0000100101001010
0000100011101010
0000100010001001
0000100000101000
0000011111000110
0000011101100101
0000011100000011
0000011010100001
0000011000111110
0000010111011011
0000010101111001
0000010100010101
0000010010110010
0000010001001110
0000001111101011
0000001110000111
0000001100100011
0000001010111111
0000001001011011
0000000111110110
0000000110010010
0000000100101110
0000000011001001
0000000001100101
0000000000000000
1111111110011011
1111111100110111
1111111011010010
1111111001101110
1111111000001010
1111110110100101
1111110101000001
1111110011011101
1111110001111001
1111110000010101
1111101110110010
1111101101001110
1111101011101011
1111101010000111
1111101000100101
1111100111000010
1111100101011111
1111100011111101
1111100010011011
1111100000111010
1111011111011000
1111011101110111
1111011100010110
1111011010110110
1111011001010110
1111010111110110
1111010110010111
1111010100111000
1111010011011010
1111010001111100
1111010000011110
1111001111000001
1111001101100100
1111001100001000
1111001010101101
1111001001010001
1111000111110111
1111000110011101
1111000101000011
1111000011101010
1111000010010010
1111000000111010
1110111111100011
1110111110001100
1110111100110111
1110111011100001
1110111010001101
1110111000111001
1110110111100110
1110110110010011
1110110101000001
1110110011110000
1110110010100000
1110110001010000
1110110000000001
1110101110110011
1110101101100110
1110101100011001
1110101011001101
1110101010000011
1110101000111001
1110100111101111
1110100110100111
1110100101011111
1110100100011001
1110100011010011
1110100010001110
1110100001001010
1110100000000111
1110011111000101
1110011110000100
1110011101000011
1110011100000100
1110011011000110
1110011010001001
1110011001001100
1110011000010001
1110010111010110
1110010110011101
1110010101100101
1110010100101101
1110010011110111
1110010011000010
1110010010001101
1110010001011010
1110010000101000
1110001111110111
1110001111000111
1110001110011000
1110001101101011
1110001100111110
1110001100010011
1110001011101000
1110001010111111
1110001010010111
1110001001110000
1110001001001010
1110001000100101
1110001000000001
1110000111011111
1110000110111110
1110000110011101
1110000101111111
1110000101100001
1110000101000100
1110000100101001
1110000100001111
1110000011110110
1110000011011110
1110000011000111
1110000010110010
1110000010011101
1110000010001010
1110000001111001
1110000001101000
1110000001011001
1110000001001011
1110000000111110
1110000000110010
1110000000100111
1110000000011110
1110000000010110
1110000000001111
1110000000001010
1110000000000110
1110000000000010
1110000000000001
1110000000000000
1110000000000001
1110000000000010
1110000000000110
1110000000001010
1110000000001111
1110000000010110
1110000000011110
1110000000100111
1110000000110010
1110000000111110
1110000001001011
1110000001011001
1110000001101000
1110000001111001
1110000010001010
1110000010011101
1110000010110010
1110000011000111
1110000011011110
1110000011110110
1110000100001111
1110000100101001
1110000101000100
1110000101100001
1110000101111111
1110000110011101
1110000110111110
1110000111011111
1110001000000001
1110001000100101
1110001001001010
1110001001110000
1110001010010111
1110001010111111
1110001011101000
1110001100010011
1110001100111110
1110001101101011
1110001110011000
1110001111000111
1110001111110111
1110010000101000
1110010001011010
1110010010001101
1110010011000010
1110010011110111
1110010100101101
1110010101100101
1110010110011101
1110010111010110
1110011000010001
1110011001001100
1110011010001001
1110011011000110
1110011100000100
1110011101000011
1110011110000100
1110011111000101
1110100000000111
1110100001001010
1110100010001110
1110100011010011
1110100100011001
1110100101011111
1110100110100111
1110100111101111
1110101000111001
1110101010000011
1110101011001101
1110101100011001
1110101101100110
1110101110110011
1110110000000001
1110110001010000
1110110010100000
1110110011110000
1110110101000001
1110110110010011
1110110111100110
1110111000111001
1110111010001101
1110111011100001
1110111100110111
1110111110001100
1110111111100011
1111000000111010
1111000010010010
1111000011101010
1111000101000011
1111000110011101
1111000111110111
1111001001010001
1111001010101101
1111001100001000
1111001101100100
1111001111000001
1111010000011110
1111010001111100
1111010011011010
1111010100111000
1111010110010111
1111010111110110
1111011001010110
1111011010110110
1111011100010110
1111011101110111
1111011111011000
1111100000111010
1111100010011011
1111100011111101
1111100101011111
1111100111000010
1111101000100101
1111101010000111
1111101011101011
1111101101001110
1111101110110010
1111110000010101
1111110001111001
1111110011011101
1111110101000001
1111110110100101
1111111000001010
1111111001101110
1111111011010010
1111111100110111
1111111110011011
0000000000000000
0000000001100101
0000000011001001
0000000100101110
0000000110010010
0000000111110110
0000001001011011
0000001010111111
0000001100100011
0000001110000111
0000001111101011
0000010001001110
0000010010110010
0000010100010101
0000010101111001
0000010111011011
0000011000111110
0000011010100001
0000011100000011
0000011101100101
0000011111000110
0000100000101000
0000100010001001
0000100011101010
0000100101001010
0000100110101010
0000101000001010
0000101001101001
0000101011001000
0000101100100110
0000101110000100
0000101111100010
0000110000111111
0000110010011100
0000110011111000
0000110101010011
0000110110101111
0000111000001001
0000111001100011
0000111010111101
0000111100010110
0000111101101110
0000111111000110
0001000000011101
0001000001110100
0001000011001001
0001000100011111
0001000101110011
0001000111000111
0001001000011010
0001001001101101
0001001010111111
0001001100010000
0001001101100000
0001001110110000
0001001111111111
0001010001001101
0001010010011010
0001010011100111
0001010100110011
0001010101111101
0001010111000111
0001011000010001
0001011001011001
0001011010100001
0001011011100111
0001011100101101
0001011101110010
0001011110110110
0001011111111001
0001100000111011
0001100001111100
0001100010111101
0001100011111100
0001100100111010
0001100101110111
0001100110110100
0001100111101111
0001101000101010
0001101001100011
0001101010011011
0001101011010011
0001101100001001
0001101100111110
0001101101110011
0001101110100110
0001101111011000
0001110000001001
0001110000111001
0001110001101000
0001110010010101
0001110011000010
0001110011101101
0001110100011000
0001110101000001
0001110101101001
0001110110010000
0001110110110110
0001110111011011
0001110111111111
0001111000100001
0001111001000010
0001111001100011
0001111010000001
0001111010011111
0001111010111100
0001111011010111
0001111011110001
0001111100001010
0001111100100010
0001111100111001
0001111101001110
0001111101100011
0001111101110110
0001111110000111
0001111110011000
0001111110100111
0001111110110101
0001111111000010
0001111111001110
0001111111011001
0001111111100010
0001111111101010
0001111111110001
0001111111110110
0001111111111010
0001111111111110
0001111111111111
0010000000000000
0001111111111111
0001111111111110
0001111111111010
0001111111110110
0001111111110001
0001111111101010
0001111111100010
0001111111011001
0001111111001110
0001111111000010
0001111110110101
0001111110100111
0001111110011000
0001111110000111
0001111101110110
0001111101100011
0001111101001110
0001111100111001
0001111100100010
0001111100001010
0001111011110001
0001111011010111
0001111010111100
0001111010011111
0001111010000001
0001111001100011
0001111001000010
0001111000100001
0001110111111111
0001110111011011
0001110110110110
0001110110010000
0001110101101001
0001110101000001
0001110100011000
0001110011101101
0001110011000010
0001110010010101
0001110001101000
0001110000111001
0001110000001001
0001101111011000
0001101110100110
0001101101110011
0001101100111110
0001101100001001
0001101011010011
0001101010011011
0001101001100011
0001101000101010
0001100111101111
0001100110110100
0001100101110111
0001100100111010
0001100011111100
0001100010111101
0001100001111100
0001100000111011
0001011111111001
0001011110110110
0001011101110010
0001011100101101
0001011011100111
0001011010100001
0001011001011001
0001011000010001
0001010111000111
0001010101111101
0001010100110011
0001010011100111
0001010010011010
0001010001001101
0001001111111111
0001001110110000
0001001101100000
0001001100010000
0001001010111111
0001001001101101
0001001000011010
0001000111000111
0001000101110011
0001000100011111
0001000011001001
0001000001110100
0001000000011101
0000111111000110
0000111101101110
0000111100010110
0000111010111101
0000111001100011
0000111000001001
0000110110101111
0000110101010011
0000110011111000
0000110010011100
0000110000111111
0000101111100010
0000101110000100
0000101100100110
0000101011001000
0000101001101001
0000101000001010
0000100110101010
0000100101001010
0000100011101010
0000100010001001
0000100000101000
0000011111000110
0000011101100101
0000011100000011
0000011010100001
0000011000111110
0000010111011011
0000010101111001
0000010100010101
0000010010110010
0000010001001110
0000001111101011
0000001110000111
0000001100100011
0000001010111111
0000001001011011
0000000111110110
0000000110010010
0000000100101110
0000000011001001
0000000001100101
0000000000000000
1111111110011011
1111111100110111
1111111011010010
1111111001101110
1111111000001010
1111110110100101
1111110101000001
1111110011011101
1111110001111001
1111110000010101
1111101110110010
1111101101001110
1111101011101011
1111101010000111
1111101000100101
1111100111000010
1111100101011111
1111100011111101
1111100010011011
1111100000111010
1111011111011000
1111011101110111
1111011100010110
1111011010110110
1111011001010110
1111010111110110
1111010110010111
1111010100111000
1111010011011010
1111010001111100
1111010000011110
1111001111000001
1111001101100100
1111001100001000
1111001010101101
1111001001010001
1111000111110111
1111000110011101
1111000101000011
1111000011101010
1111000010010010
1111000000111010
1110111111100011
1110111110001100
1110111100110111
1110111011100001
1110111010001101
1110111000111001
1110110111100110
1110110110010011
1110110101000001
1110110011110000
1110110010100000
1110110001010000
1110110000000001
1110101110110011
1110101101100110
1110101100011001
1110101011001101
1110101010000011
1110101000111001
1110100111101111
1110100110100111
1110100101011111
1110100100011001
1110100011010011
1110100010001110
1110100001001010
1110100000000111
1110011111000101
1110011110000100
1110011101000011
1110011100000100
1110011011000110
1110011010001001
1110011001001100
1110011000010001
1110010111010110
1110010110011101
1110010101100101
1110010100101101
1110010011110111
1110010011000010
1110010010001101
1110010001011010
1110010000101000
1110001111110111
1110001111000111
1110001110011000
1110001101101011
1110001100111110
1110001100010011
1110001011101000
1110001010111111
1110001010010111
1110001001110000
1110001001001010
1110001000100101
1110001000000001
1110000111011111
1110000110111110
1110000110011101
1110000101111111
1110000101100001
1110000101000100
1110000100101001
1110000100001111
1110000011110110
1110000011011110
1110000011000111
1110000010110010
1110000010011101
1110000010001010
1110000001111001
1110000001101000
1110000001011001
1110000001001011
1110000000111110
1110000000110010
1110000000100111
1110000000011110
1110000000010110
1110000000001111
1110000000001010
1110000000000110
1110000000000010
1110000000000001
1110000000000000
1110000000000001
1110000000000010
1110000000000110
1110000000001010
1110000000001111
1110000000010110
1110000000011110
1110000000100111
1110000000110010
1110000000111110
1110000001001011
1110000001011001
1110000001101000
1110000001111001
1110000010001010
1110000010011101
1110000010110010
1110000011000111
1110000011011110
1110000011110110
1110000100001111
1110000100101001
1110000101000100
1110000101100001
1110000101111111
1110000110011101
1110000110111110
1110000111011111
1110001000000001
1110001000100101
1110001001001010
1110001001110000
1110001010010111
1110001010111111
1110001011101000
1110001100010011
1110001100111110
1110001101101011
1110001110011000
1110001111000111
1110001111110111
1110010000101000
1110010001011010
1110010010001101
1110010011000010
1110010011110111
1110010100101101
1110010101100101
1110010110011101
1110010111010110
1110011000010001
1110011001001100
1110011010001001
1110011011000110
1110011100000100
1110011101000011
1110011110000100
1110011111000101
1110100000000111
1110100001001010
1110100010001110
1110100011010011
1110100100011001
1110100101011111
1110100110100111
1110100111101111
1110101000111001
1110101010000011
1110101011001101
1110101100011001
1110101101100110
1110101110110011
1110110000000001
1110110001010000
1110110010100000
1110110011110000
1110110101000001
1110110110010011
1110110111100110
1110111000111001
1110111010001101
1110111011100001
1110111100110111
1110111110001100
1110111111100011
1111000000111010
1111000010010010
1111000011101010
1111000101000011
1111000110011101
1111000111110111
1111001001010001
1111001010101101
1111001100001000
1111001101100100
1111001111000001
1111010000011110
1111010001111100
1111010011011010
1111010100111000
1111010110010111
1111010111110110
1111011001010110
1111011010110110
1111011100010110
1111011101110111
1111011111011000
1111100000111010
1111100010011011
1111100011111101
1111100101011111
1111100111000010
1111101000100101
1111101010000111
1111101011101011
1111101101001110
1111101110110010
1111110000010101
1111110001111001
1111110011011101
1111110101000001
1111110110100101
1111111000001010
1111111001101110
1111111011010010
1111111100110111
1111111110011011
0000000000000000
0000000001100101
0000000011001001
0000000100101110
0000000110010010
0000000111110110
0000001001011011
0000001010111111
0000001100100011
0000001110000111
0000001111101011
0000010001001110
0000010010110010
0000010100010101
0000010101111001
0000010111011011
0000011000111110
0000011010100001
0000011100000011
0000011101100101
0000011111000110
0000100000101000
0000100010001001
0000100011101010
0000100101001010
0000100110101010
0000101000001010
0000101001101001
0000101011001000
0000101100100110
0000101110000100
0000101111100010
0000110000111111
0000110010011100
0000110011111000
0000110101010011
0000110110101111
0000111000001001
0000111001100011
0000111010111101
0000111100010110
0000111101101110
0000111111000110
0001000000011101
0001000001110100
0001000011001001
0001000100011111
0001000101110011
0001000111000111
0001001000011010
0001001001101101
0001001010111111
0001001100010000
0001001101100000
0001001110110000
0001001111111111
0001010001001101
0001010010011010
0001010011100111
0001010100110011
0001010101111101
0001010111000111
0001011000010001
0001011001011001
0001011010100001
0001011011100111
0001011100101101
0001011101110010
0001011110110110
0001011111111001
0001100000111011
0001100001111100
0001100010111101
0001100011111100
0001100100111010
0001100101110111
0001100110110100
0001100111101111
0001101000101010
0001101001100011
0001101010011011
0001101011010011
0001101100001001
0001101100111110
0001101101110011
0001101110100110
0001101111011000
0001110000001001
0001110000111001
0001110001101000
0001110010010101
0001110011000010
0001110011101101
0001110100011000
0001110101000001
0001110101101001
0001110110010000
0001110110110110
0001110111011011
0001110111111111
0001111000100001
0001111001000010
0001111001100011
0001111010000001
0001111010011111
0001111010111100
0001111011010111
0001111011110001
0001111100001010
0001111100100010
0001111100111001
0001111101001110
0001111101100011
0001111101110110
0001111110000111
0001111110011000
0001111110100111
0001111110110101
0001111111000010
0001111111001110
0001111111011001
0001111111100010
0001111111101010
0001111111110001
0001111111110110
0001111111111010
0001111111111110
0001111111111111
0010000000000000
0001111111111111
0001111111111110
0001111111111010
0001111111110110
0001111111110001
0001111111101010
0001111111100010
0001111111011001
0001111111001110
0001111111000010
0001111110110101
0001111110100111
0001111110011000
0001111110000111
0001111101110110
0001111101100011
0001111101001110
0001111100111001
0001111100100010
0001111100001010
0001111011110001
0001111011010111
0001111010111100
0001111010011111
0001111010000001
0001111001100011
0001111001000010
0001111000100001
0001110111111111
0001110111011011
0001110110110110
0001110110010000
0001110101101001
0001110101000001
0001110100011000
0001110011101101
0001110011000010
0001110010010101
0001110001101000
0001110000111001
0001110000001001
0001101111011000
0001101110100110
0001101101110011
0001101100111110
0001101100001001
0001101011010011
0001101010011011
0001101001100011
0001101000101010
0001100111101111
0001100110110100
0001100101110111
0001100100111010
0001100011111100
0001100010111101
0001100001111100
0001100000111011
0001011111111001
0001011110110110
0001011101110010
0001011100101101
0001011011100111
0001011010100001
0001011001011001
0001011000010001
0001010111000111
0001010101111101
0001010100110011
0001010011100111
0001010010011010
0001010001001101
0001001111111111
0001001110110000
0001001101100000
0001001100010000
0001001010111111
0001001001101101
0001001000011010
0001000111000111
0001000101110011
0001000100011111
0001000011001001
0001000001110100
0001000000011101
0000111111000110
0000111101101110
0000111100010110
0000111010111101
0000111001100011
0000111000001001
0000110110101111
0000110101010011
0000110011111000
0000110010011100
0000110000111111
0000101111100010
0000101110000100
0000101100100110
0000101011001000
0000101001101001
0000101000001010
0000100110101010
0000100101001010
0000100011101010
0000100010001001
0000100000101000
0000011111000110
0000011101100101
0000011100000011
0000011010100001
0000011000111110
0000010111011011
0000010101111001
0000010100010101
0000010010110010
0000010001001110
0000001111101011
0000001110000111
0000001100100011
0000001010111111
0000001001011011
0000000111110110
0000000110010010
0000000100101110
0000000011001001
0000000001100101
0000000000000000
1111111110011011
1111111100110111
1111111011010010
1111111001101110
1111111000001010
1111110110100101
1111110101000001
1111110011011101
1111110001111001
1111110000010101
1111101110110010
1111101101001110
1111101011101011
1111101010000111
1111101000100101
1111100111000010
1111100101011111
1111100011111101
1111100010011011
1111100000111010
1111011111011000
1111011101110111
1111011100010110
1111011010110110
1111011001010110
1111010111110110
1111010110010111
1111010100111000
1111010011011010
1111010001111100
1111010000011110
1111001111000001
1111001101100100
1111001100001000
1111001010101101
1111001001010001
1111000111110111
1111000110011101
1111000101000011
1111000011101010
1111000010010010
1111000000111010
1110111111100011
1110111110001100
1110111100110111
1110111011100001
1110111010001101
1110111000111001
1110110111100110
1110110110010011
1110110101000001
1110110011110000
1110110010100000
1110110001010000
1110110000000001
1110101110110011
1110101101100110
1110101100011001
1110101011001101
1110101010000011
1110101000111001
1110100111101111
1110100110100111
1110100101011111
1110100100011001
1110100011010011
1110100010001110
1110100001001010
1110100000000111
1110011111000101
1110011110000100
1110011101000011
1110011100000100
1110011011000110
1110011010001001
1110011001001100
1110011000010001
1110010111010110
1110010110011101
1110010101100101
1110010100101101
1110010011110111
1110010011000010
1110010010001101
1110010001011010
1110010000101000
1110001111110111
1110001111000111
1110001110011000
1110001101101011
1110001100111110
1110001100010011
1110001011101000
1110001010111111
1110001010010111
1110001001110000
1110001001001010
1110001000100101
1110001000000001
1110000111011111
1110000110111110
1110000110011101
1110000101111111
1110000101100001
1110000101000100
1110000100101001
1110000100001111
1110000011110110
1110000011011110
1110000011000111
1110000010110010
1110000010011101
1110000010001010
1110000001111001
1110000001101000
1110000001011001
1110000001001011
1110000000111110
1110000000110010
1110000000100111
1110000000011110
1110000000010110
1110000000001111
1110000000001010
1110000000000110
1110000000000010
1110000000000001
1110000000000000
1110000000000001
1110000000000010
1110000000000110
1110000000001010
1110000000001111
1110000000010110
1110000000011110
1110000000100111
1110000000110010
1110000000111110
1110000001001011
1110000001011001
1110000001101000
1110000001111001
1110000010001010
1110000010011101
1110000010110010
1110000011000111
1110000011011110
1110000011110110
1110000100001111
1110000100101001
1110000101000100
1110000101100001
1110000101111111
1110000110011101
1110000110111110
1110000111011111
1110001000000001
1110001000100101
1110001001001010
1110001001110000
1110001010010111
1110001010111111
1110001011101000
1110001100010011
1110001100111110
1110001101101011
1110001110011000
1110001111000111
1110001111110111
1110010000101000
1110010001011010
1110010010001101
1110010011000010
1110010011110111
1110010100101101
1110010101100101
1110010110011101
1110010111010110
1110011000010001
1110011001001100
1110011010001001
1110011011000110
1110011100000100
1110011101000011
1110011110000100
1110011111000101
1110100000000111
1110100001001010
1110100010001110
1110100011010011
1110100100011001
1110100101011111
1110100110100111
1110100111101111
1110101000111001
1110101010000011
1110101011001101
1110101100011001
1110101101100110
1110101110110011
1110110000000001
1110110001010000
1110110010100000
1110110011110000
1110110101000001
1110110110010011
1110110111100110
1110111000111001
1110111010001101
1110111011100001
1110111100110111
1110111110001100
1110111111100011
1111000000111010
1111000010010010
1111000011101010
1111000101000011
1111000110011101
1111000111110111
1111001001010001
1111001010101101
1111001100001000
1111001101100100
1111001111000001
1111010000011110
1111010001111100
1111010011011010
1111010100111000
1111010110010111
1111010111110110
1111011001010110
1111011010110110
1111011100010110
1111011101110111
1111011111011000
1111100000111010
1111100010011011
1111100011111101
1111100101011111
1111100111000010
1111101000100101
1111101010000111
1111101011101011
1111101101001110
1111101110110010
1111110000010101
1111110001111001
1111110011011101
1111110101000001
1111110110100101
1111111000001010
1111111001101110
1111111011010010
1111111100110111
1111111110011011
0000000000000000
0000000001100101
0000000011001001
0000000100101110
0000000110010010
0000000111110110
0000001001011011
0000001010111111
0000001100100011
0000001110000111
0000001111101011
0000010001001110
0000010010110010
0000010100010101
0000010101111001
0000010111011011
0000011000111110
0000011010100001
0000011100000011
0000011101100101
0000011111000110
0000100000101000
0000100010001001
0000100011101010
0000100101001010
0000100110101010
0000101000001010
0000101001101001
0000101011001000
0000101100100110
0000101110000100
0000101111100010
0000110000111111
0000110010011100
0000110011111000
0000110101010011
0000110110101111
0000111000001001
0000111001100011
0000111010111101
0000111100010110
0000111101101110
0000111111000110
0001000000011101
0001000001110100
0001000011001001
0001000100011111
0001000101110011
0001000111000111
0001001000011010
0001001001101101
0001001010111111
0001001100010000
0001001101100000
0001001110110000
0001001111111111
0001010001001101
0001010010011010
0001010011100111
0001010100110011
0001010101111101
0001010111000111
0001011000010001
0001011001011001
0001011010100001
0001011011100111
0001011100101101
0001011101110010
0001011110110110
0001011111111001
0001100000111011
0001100001111100
0001100010111101
0001100011111100
0001100100111010
0001100101110111
0001100110110100
0001100111101111
0001101000101010
0001101001100011
0001101010011011
0001101011010011
0001101100001001
0001101100111110
0001101101110011
0001101110100110
0001101111011000
0001110000001001
0001110000111001
0001110001101000
0001110010010101
0001110011000010
0001110011101101
0001110100011000
0001110101000001
0001110101101001
0001110110010000
0001110110110110
0001110111011011
0001110111111111
0001111000100001
0001111001000010
0001111001100011
0001111010000001
0001111010011111
0001111010111100
0001111011010111
0001111011110001
0001111100001010
0001111100100010
0001111100111001
0001111101001110
0001111101100011
0001111101110110
0001111110000111
0001111110011000
0001111110100111
0001111110110101
0001111111000010
0001111111001110
0001111111011001
0001111111100010
0001111111101010
0001111111110001
0001111111110110
0001111111111010
0001111111111110
0001111111111111
0010000000000000
0001111111111111
0001111111111110
0001111111111010
0001111111110110
0001111111110001
0001111111101010
0001111111100010
0001111111011001
0001111111001110
0001111111000010
0001111110110101
0001111110100111
0001111110011000
0001111110000111
0001111101110110
0001111101100011
0001111101001110
0001111100111001
0001111100100010
0001111100001010
0001111011110001
0001111011010111
0001111010111100
0001111010011111
0001111010000001
0001111001100011
0001111001000010
0001111000100001
0001110111111111
0001110111011011
0001110110110110
0001110110010000
0001110101101001
0001110101000001
0001110100011000
0001110011101101
0001110011000010
0001110010010101
0001110001101000
0001110000111001
0001110000001001
0001101111011000
0001101110100110
0001101101110011
0001101100111110
0001101100001001
0001101011010011
0001101010011011
0001101001100011
0001101000101010
0001100111101111
0001100110110100
0001100101110111
0001100100111010
0001100011111100
0001100010111101
0001100001111100
0001100000111011
0001011111111001
0001011110110110
0001011101110010
0001011100101101
0001011011100111
0001011010100001
0001011001011001
0001011000010001
0001010111000111
0001010101111101
0001010100110011
0001010011100111
0001010010011010
0001010001001101
0001001111111111
0001001110110000
0001001101100000
0001001100010000
0001001010111111
0001001001101101
0001001000011010
0001000111000111
0001000101110011
0001000100011111
0001000011001001
0001000001110100
0001000000011101
0000111111000110
0000111101101110
0000111100010110
0000111010111101
0000111001100011
0000111000001001
0000110110101111
0000110101010011
0000110011111000
0000110010011100
0000110000111111
0000101111100010
0000101110000100
0000101100100110
0000101011001000
0000101001101001
0000101000001010
0000100110101010
0000100101001010
0000100011101010
0000100010001001
0000100000101000
0000011111000110
0000011101100101
0000011100000011
0000011010100001
0000011000111110
0000010111011011
0000010101111001
0000010100010101
0000010010110010
0000010001001110
0000001111101011
0000001110000111
0000001100100011
0000001010111111
0000001001011011
0000000111110110
0000000110010010
0000000100101110
0000000011001001
0000000001100101
0000000000000000
1111111110011011
1111111100110111
1111111011010010
1111111001101110
1111111000001010
1111110110100101
1111110101000001
1111110011011101
1111110001111001
1111110000010101
1111101110110010
1111101101001110
1111101011101011
1111101010000111
1111101000100101
1111100111000010
1111100101011111
1111100011111101
1111100010011011
1111100000111010
1111011111011000
1111011101110111
1111011100010110
1111011010110110
1111011001010110
1111010111110110
1111010110010111
1111010100111000
1111010011011010
1111010001111100
1111010000011110
1111001111000001
1111001101100100
1111001100001000
1111001010101101
1111001001010001
1111000111110111
1111000110011101
1111000101000011
1111000011101010
1111000010010010
1111000000111010
1110111111100011
1110111110001100
1110111100110111
1110111011100001
1110111010001101
1110111000111001
1110110111100110
1110110110010011
1110110101000001
1110110011110000
1110110010100000
1110110001010000
1110110000000001
1110101110110011
1110101101100110
1110101100011001
1110101011001101
1110101010000011
1110101000111001
1110100111101111
1110100110100111
1110100101011111
1110100100011001
1110100011010011
1110100010001110
1110100001001010
1110100000000111
1110011111000101
1110011110000100
1110011101000011
1110011100000100
1110011011000110
1110011010001001
1110011001001100
1110011000010001
1110010111010110
1110010110011101
1110010101100101
1110010100101101
1110010011110111
1110010011000010
1110010010001101
1110010001011010
1110010000101000
1110001111110111
1110001111000111
1110001110011000
1110001101101011
1110001100111110
1110001100010011
1110001011101000
1110001010111111
1110001010010111
1110001001110000
1110001001001010
1110001000100101
1110001000000001
1110000111011111
1110000110111110
1110000110011101
1110000101111111
1110000101100001
1110000101000100
1110000100101001
1110000100001111
1110000011110110
1110000011011110
1110000011000111
1110000010110010
1110000010011101
1110000010001010
1110000001111001
1110000001101000
1110000001011001
1110000001001011
1110000000111110
1110000000110010
1110000000100111
1110000000011110
1110000000010110
1110000000001111
1110000000001010
1110000000000110
1110000000000010
1110000000000001
1110000000000000
1110000000000001
1110000000000010
1110000000000110
1110000000001010
1110000000001111
1110000000010110
1110000000011110
1110000000100111
1110000000110010
1110000000111110
1110000001001011
1110000001011001
1110000001101000
1110000001111001
1110000010001010
1110000010011101
1110000010110010
1110000011000111
1110000011011110
1110000011110110
1110000100001111
1110000100101001
1110000101000100
1110000101100001
1110000101111111
1110000110011101
1110000110111110
1110000111011111
1110001000000001
1110001000100101
1110001001001010
1110001001110000
1110001010010111
1110001010111111
1110001011101000
1110001100010011
1110001100111110
1110001101101011
1110001110011000
1110001111000111
1110001111110111
1110010000101000
1110010001011010
1110010010001101
1110010011000010
1110010011110111
1110010100101101
1110010101100101
1110010110011101
1110010111010110
1110011000010001
1110011001001100
1110011010001001
1110011011000110
1110011100000100
1110011101000011
1110011110000100
1110011111000101
1110100000000111
1110100001001010
1110100010001110
1110100011010011
1110100100011001
1110100101011111
1110100110100111
1110100111101111
1110101000111001
1110101010000011
1110101011001101
1110101100011001
1110101101100110
1110101110110011
1110110000000001
1110110001010000
1110110010100000
1110110011110000
1110110101000001
1110110110010011
1110110111100110
1110111000111001
1110111010001101
1110111011100001
1110111100110111
1110111110001100
1110111111100011
1111000000111010
1111000010010010
1111000011101010
1111000101000011
1111000110011101
1111000111110111
1111001001010001
1111001010101101
1111001100001000
1111001101100100
1111001111000001
1111010000011110
1111010001111100
1111010011011010
1111010100111000
1111010110010111
1111010111110110
1111011001010110
1111011010110110
1111011100010110
1111011101110111
1111011111011000
1111100000111010
1111100010011011
1111100011111101
1111100101011111
1111100111000010
1111101000100101
1111101010000111
1111101011101011
1111101101001110
1111101110110010
1111110000010101
1111110001111001
1111110011011101
1111110101000001
1111110110100101
1111111000001010
1111111001101110
1111111011010010
1111111100110111
1111111110011011
